1.3594354102511312 1
1.6953882389708212 1
1.7470012356040252 1
1.8006543068566456 1
1.8053013314238413 1
2.1789138884163526 1
2.251676621560548 1
2.288562205500651 1
2.300409719343442 1
2.418863852806112 1
2.564714676594368 1
2.62306576793951 1
2.634595485109781 1
2.6648163025621727 1
2.736608827700812 1
2.7419728592507786 1
2.7906133473206003 1
2.853642238546134 1
2.8567602435935004 1
2.9083884830333457 1
3.082756699405996 1
3.14997113452308 1
3.2178067490795863 1
3.2338360565477715 1
3.276470879644595 1
3.3189321574332658 1
3.432813924717717 1
3.4768255286630168 1
3.61710517522608 1
3.648175634882755 1
3.689028724966095 1
3.737780362817368 1
3.755992058048103 1
3.773415771160206 1
3.8666914812732616 1
3.8948496153236856 1
3.90622137262936 1
3.94377387846409 1
3.9920452510258073 1
4.0092295181767135 1
4.021148488973362 1
4.097518948980289 1
4.137866099802513 1
4.180853838161091 1
4.186128219036487 1
4.212800919524756 1
4.298438771687483 1
4.300411892194663 1
4.334527826896848 1
4.355622105186026 1
4.405961709366597 1
4.41212272432868 1
4.42440699269174 1
4.439247970755682 1
4.447288435106246 1
4.504025624084628 1
4.544893507778233 1
4.547790954261117 1
4.555222260024699 1
4.555521020818738 1
4.633169083475577 1
4.652675793610055 1
4.655030199893983 1
4.656210180665575 1
4.6807560020590016 1
4.775940863349678 1
4.779114179517532 1
4.797680039393275 1
4.820422139119664 1
4.847079453557215 1
4.8476374414333 1
4.887511309555697 1
4.894210858012936 1
4.92100193478296 1
4.967058540305441 1
4.972044969041818 1
5.029801057156065 1
5.032969946750655 1
5.054956279837627 1
5.065317705930388 1
5.081963581134727 1
5.126277219984988 1
5.162946348990156 1
5.194608871322057 1
5.222361014905539 1
5.2560236813012615 1
5.267910913321991 1
5.289714776187885 1
5.347527674273352 1
5.419731825890465 1
5.547714663459017 1
5.550317036808846 1
5.5800552326486645 1
5.613754346145831 1
5.631159243705105 1
5.727359741475796 1
5.742005504991464 1
5.768200722169222 1
5.917618933492907 1
5.917830680580492 1
5.926441200274816 1
5.981923009707392 1
6.006746101747694 1
6.02467257001919 1
6.076348789945707 1
6.086984564667119 1
6.0899109339779045 1
6.104067748716489 1
6.109224317116533 1
6.121296788889936 1
6.160850311252104 1
6.185022607651496 1
6.201705286795424 1
6.210929050146948 1
6.231538529418171 1
6.239821107455659 1
6.257852915054758 1
6.272083945507111 1
6.295771716113479 1
6.314284815833624 1
6.320265594576576 1
6.320686395028183 1
6.332142145251919 1
6.341159921862704 1
6.3609026279962 1
6.364712346260172 1
6.379176072875191 1
6.403028209580688 1
6.405658537626306 1
6.409673284118123 1
6.455888492446887 1
6.482038069938342 1
6.488374023654137 1
6.493276922443374 1
6.497732600761757 1
6.507572028608403 1
6.558379357045609 1
6.5596656913880125 1
6.583918905603768 1
6.584946077222504 1
6.584961208626007 1
6.588365997675299 1
6.620085392377296 1
6.627904598359373 1
6.716983640178724 1
6.767889219718471 1
6.788928103773293 1
6.809033357277094 1
6.821914848984964 1
6.859671923534618 1
6.875943762706129 1
6.881790243097856 1
6.924212147111346 1
6.964214557893266 1
6.9644245038504655 1
7.071075468104687 1
7.0917324331723615 1
7.117013504794127 1
7.134884020429794 1
7.1941480279614805 1
7.218363213142202 1
7.259843187097388 1
7.276802571628941 1
7.303319992355327 1
7.304791127299016 1
7.33615808947112 1
7.338880805699477 1
7.420385508750514 1
7.437237801572911 1
7.499670037131127 1
7.528537631843106 1
7.54502159465886 1
7.582377395464223 1
7.585554573313285 1
7.652784593344691 1
7.718610864237716 1
7.731423060820342 1
7.740165628840425 1
7.743994983584296 1
7.757144575044066 1
7.76606684069477 1
7.769033262053954 1
7.777778887674236 1
7.782526169046917 1
7.824730747804455 1
7.826267976285855 1
7.837458222859718 1
7.8443632075219 1
7.856327209225826 1
7.8748070850814305 1
7.887753261000536 1
7.952844097522591 1
7.977783346401494 1
8.016406569539164 1
8.030106158391442 1
8.032619746464865 1
8.03342241311538 1
8.068058614979888 1
8.098784776483129 1
8.128909152188482 1
8.15497891497224 1
8.175634588213414 1
8.17708478269784 1
8.192567928346197 1
8.213102276304486 1
8.237976889515432 1
8.23889872525435 1
8.262169539449157 1
8.29308003020831 1
8.296953215795432 1
8.347436134136412 1
8.352913750732807 1
8.402622638020349 1
8.444111386981728 1
8.490322175878218 1
8.49958422539858 1
8.514730200867337 1
8.515882398109383 1
8.552609814186896 1
8.575507330778187 1
8.582001784901673 1
8.583415670113324 1
8.632980524311634 1
8.65600877288162 1
8.666838871328387 1
8.68112080804953 1
8.707212115421788 1
8.715136536379708 1
8.716620586499014 1
8.725770116582572 1
8.77086510584363 1
8.80422944510172 1
8.870547809283018 1
8.871358017899167 1
8.872047064218313 1
8.884921977558381 1
8.903574994513319 1
8.904829875887287 1
8.914250852913142 1
8.926952309927737 1
8.934244322671317 1
8.94548997795246 1
8.947474481150136 1
8.965471204975863 1
8.984502491923784 1
8.990697886685155 1
9.001311200196714 1
9.025443172623516 1
9.03864171545652 1
9.040420135547553 1
9.091382319101385 1
9.100686701857224 1
9.109641491233536 1
9.111308811837956 1
9.168903588005223 1
9.17803300118356 1
9.181232723550329 1
9.216807196376571 1
9.221241117373312 1
9.23378688727339 1
9.263599122542931 1
9.286472210715443 1
9.312688340940303 1
9.32102598570676 1
9.346533663578418 1
9.36344040058527 1
9.40029726227423 1
9.437833855462134 1
9.478158727236472 1
9.499561865790392 1
9.507008075640991 1
9.570989396564537 1
9.578169742202268 1
9.587057679881683 1
9.599348840667634 1
9.61270236369688 1
9.626849021203356 1
9.650651232338475 1
9.651319670517262 1
9.679145400105527 1
9.684062240652809 1
9.744072419742231 1
9.769626357157865 1
9.774920034337336 1
9.782121185188062 1
9.793227827031462 1
9.80063589894652 1
9.804473777843874 1
9.838873593623784 1
9.842184762388351 1
9.90142065140842 1
9.91671179485828 1
9.982746581847035 1
9.998988774261788 1
10.008711377096995 1
10.120662840342831 1
10.16562379366062 1
10.192498821134178 1
10.205037162187592 1
10.222164116163688 1
10.252011878300568 1
10.258323685508064 1
10.267726401993302 1
10.268591320875124 1
10.289471733812311 1
10.332321795426678 1
10.34427828134984 1
10.35760834354566 1
10.364350765775336 1
10.39707637598163 1
10.402693762242723 1
10.4839123603641 1
10.488397145691064 1
10.490817314604742 1
10.529501544014934 1
10.561376021628064 1
10.565362885213052 1
10.61414845987874 1
10.622977708420954 1
10.628468903479634 1
10.740741118561452 1
10.743508864877915 1
10.745957368654324 1
10.75181024405614 1
10.760552896346123 1
10.806638411717088 1
10.810407787187629 1
10.81295237957278 1
10.821420745963447 1
10.83632361556403 1
10.856236057499068 1
10.910469661183836 1
10.917563241150196 1
10.919874247656727 1
10.920246015166809 1
10.926271235336014 1
10.94264926913247 1
10.961364687911791 1
11.002275630953008 1
11.007838008884772 1
11.018057718425782 1
11.038539762281436 1
11.05207743255037 1
11.05730903821305 1
11.080821455480782 1
11.112420291813969 1
11.121763295425342 1
11.123566174313126 1
11.146243927756778 1
11.146828374200192 1
11.161873640806515 1
11.186219841473031 1
11.202192143283332 1
11.251216169466272 1
11.348088197867934 1
11.36690607328358 1
11.376063155088504 1
11.43185400783957 1
11.435287730604667 1
11.460111711070743 1
11.465541941415474 1
11.509286673351273 1
11.518124227095305 1
11.526408656656292 1
11.531829446763016 1
11.545708956838588 1
11.547105362670376 1
11.548998829307314 1
11.564092787867583 1
11.565708937693593 1
11.584089697469414 1
11.611846974960557 1
11.61205986626304 1
11.641693596275212 1
11.67354184957985 1
11.685356971826245 1
11.721594666690867 1
11.738172120570564 1
11.762602910084484 1
11.775720588992916 1
11.776268395147442 1
11.824385258172002 1
11.832004314842036 1
11.83595345436839 1
11.863225156333844 1
11.877111874715853 1
11.903050768429791 1
11.950484841425965 1
11.96655341352409 1
11.991435859071125 1
11.998697884944283 1
12.01370974681659 1
12.030753733636583 1
12.039997467950652 1
12.041455668455823 1
12.048084814093324 1
12.071693823055384 1
12.084939103284402 1
12.1555202986702 1
12.214676530649855 1
12.317761227623972 1
12.37804827180478 1
12.383102792266184 1
12.408257390752212 1
12.410559466422091 1
12.468916069415194 1
12.503194868649736 1
12.509047437457047 1
12.509835564262444 1
12.521850425760018 1
12.590370549113512 1
12.616035944586931 1
12.618570162912237 1
12.621914823306158 1
12.625021567480596 1
12.646442441773385 1
12.655212518310956 1
12.66013728388648 1
12.663080829854668 1
12.680834909453369 1
12.692038940607796 1
12.701477519004166 1
12.728107389717003 1
12.757790727092546 1
12.80543136103713 1
12.820158198067828 1
12.82689578246845 1
12.87361634463562 1
12.87672258007844 1
12.925366472802924 1
12.939711827497192 1
12.9421444420584 1
12.949693030520631 1
13.003362782400778 1
13.043467785731538 1
13.07202988378824 1
13.085442143322409 1
13.111727268859124 1
13.116896870870043 1
13.133676916031831 1
13.137744501661656 1
13.143377564546071 1
13.15606041649474 1
13.159372379212272 1
13.16761692518948 1
13.16782228346688 1
13.209630549692834 1
13.214172473176204 1
13.221504941951723 1
13.23813481812578 1
13.24262834399484 1
13.243046331649728 1
13.259840175391394 1
13.263714739728778 1
13.294267242876831 1
13.311882455858507 1
13.31428633025767 1
13.324287659465616 1
13.324592531858585 1
13.351838971927927 1
13.40131415026966 1
13.423557499350316 1
13.441113711871678 1
13.505733826715552 1
13.52702560778656 1
13.555141056761151 1
13.558554708642554 1
13.589981487272816 1
13.59472375039568 1
13.596579946305576 1
13.607626645421933 1
13.624778872593602 1
13.6406925498455 1
13.669536035302718 1
13.692073680973678 1
13.709443720245163 1
13.722596350867128 1
13.73020774144879 1
13.735092568310648 1
13.735350388592956 1
13.751839442575934 1
13.780522775710214 1
13.789642158628736 1
13.793166578990109 1
13.804193681190396 1
13.81813145867767 1
13.895855765417284 1
13.90416023394643 1
13.92106958322207 1
13.92709083078365 1
13.935070377160196 1
13.967370439511033 1
13.999583206377354 1
14.029871463484124 1
14.034714860286922 1
14.066879097393704 1
14.085721427325668 1
14.09329672620261 1
14.09812346525871 1
14.135459568232928 1
14.222104315352544 1
14.222967372889787 1
14.26856841166077 1
14.277176219365035 1
14.279337039837833 1
14.287095850652106 1
14.296621240094098 1
14.29706094109958 1
14.326192992399765 1
14.331888433603623 1
14.343011592272989 1
14.352169538793534 1
14.364683041125977 1
14.383974010108597 1
14.38615228065328 1
14.43331292740133 1
14.441187750346124 1
14.481213835938856 1
14.483246056695185 1
14.491141636030678 1
14.491865455410158 1
14.497685376669748 1
14.552798779173184 1
14.58605133934157 1
14.675589055763233 1
14.686039226376325 1
14.69044602055444 1
14.69658214037008 1
14.71850287818672 1
14.737507732874036 1
14.742436617282827 1
14.747429083535078 1
14.759045209844093 1
14.85383671364102 1
14.8658669305631 1
14.884866781758449 1
14.900382541786756 1
14.91070488424524 1
14.91772110228396 1
14.94932358828093 1
14.963612796463709 1
14.973630103444355 1
14.978973267951496 1
14.996992840639845 1
15.01322632022694 1
15.036229994400964 1
15.043629814004465 1
15.099359694966664 1
15.10039059233796 1
15.123870482150908 1
15.13127360500662 1
15.145030317945055 1
15.191643879042449 1
15.232565612522484 1
15.27357183336881 1
15.302262709253316 1
15.306941710019483 1
15.32468880118186 1
15.367885412756063 1
15.376895860095583 1
15.384464752863453 1
15.390212824734448 1
15.39056326701932 1
15.413126460198663 1
15.423352376860576 1
15.433531778886714 1
15.47560509060508 1
15.497622965524137 1
15.514133717371742 1
15.52082519335413 1
15.52202287225358 1
15.534894956670303 1
15.53784123553953 1
15.55604472982197 1
15.570751868033922 1
15.608970531499471 1
15.615219505497215 1
15.627290317545684 1
15.631135207601758 1
15.632525632239275 1
15.64737483861877 1
15.681026829483857 1
15.687962615016682 1
15.719798469271495 1
15.733565870789546 1
15.799729766256611 1
15.822454650013176 1
15.869184017383452 1
15.879232873887544 1
15.940190081717278 1
15.989600554455638 1
15.99883064972416 1
16.036466062617684 1
16.04537718349498 1
16.0717584060193 1
16.076338116277427 1
16.081713048608552 1
16.082273689408588 1
16.085544441229306 1
16.0938471211775 1
16.117011128477333 1
16.136059098707594 1
16.138485547427397 1
16.153103236980247 1
16.166282795863417 1
16.173150119133837 1
16.18770692191906 1
16.18832226922656 1
16.20610469007874 1
16.207483937381035 1
16.212595317441604 1
16.220262279265373 1
16.22793559554954 1
16.23880063723035 1
16.24652599873076 1
16.261045736732765 1
16.287867372494798 1
16.377035177446217 1
16.38256383120238 1
16.39197966989918 1
16.392391495036218 1
16.40173109186473 1
16.416427848742572 1
16.46206497334934 1
16.508476871365218 1
16.524442544509068 1
16.526592078772474 1
16.532534264368913 1
16.553429826806184 1
16.59883551090362 1
16.611289623875734 1
16.627668875043053 1
16.639114057939192 1
16.643983962216105 1
16.65018567325167 1
16.65633883015816 1
16.680059233425315 1
16.726364323903393 1
16.777844417772624 1
16.811818950713704 1
16.851263784536 1
16.89854622055985 1
17.01315521716458 1
17.125481300046136 1
17.13267809135283 1
17.136323398533225 1
17.14890999336611 1
17.15057314704137 1
17.16435624547011 1
17.201748396774146 1
17.226873662867753 1
17.231893787705026 1
17.232168884482334 1
17.238824179179183 1
17.278643091885847 1
17.280641643003676 1
17.289564211767434 1
17.30106111266267 1
17.31409567977635 1
17.32893687869076 1
17.362014947353238 1
17.403942913932713 1
17.415741601728225 1
17.41910859692329 1
17.442014383808992 1
17.45489227565503 1
17.459482214116203 1
17.54742244522228 1
17.60297243326652 1
17.611905956620554 1
17.622336516964683 1
17.6638016584485 1
17.695433055377382 1
17.699877556759724 1
17.71264802564565 1
17.752507809241752 1
17.76067948152234 1
17.78964800225036 1
17.804928419239438 1
17.80550782785633 1
17.82358499157666 1
17.82663823626659 1
17.830806405952007 1
17.83688258231628 1
17.848468594940933 1
17.8566625703701 1
17.884662458184827 1
17.887394147722812 1
17.89474151922433 1
17.934964094292248 1
17.940292092618918 1
17.965485874512165 1
17.96723589356946 1
18.001206587601757 1
18.009069819637617 1
18.022214114121837 1
18.02688370020463 1
18.02855425836169 1
18.033292792032142 1
18.22514855348801 1
18.23200386961479 1
18.249129789706885 1
18.25691507347193 1
18.31079741323444 1
18.337620776299595 1
18.364875109903597 1
18.37904881338594 1
18.439453318416973 1
18.46172877445044 1
18.496947166505983 1
18.50692657910172 1
18.532687823227853 1
18.53381558417156 1
18.560851660543214 1
18.586647086973723 1
18.607034091141426 1
18.612035751834192 1
18.615266024806697 1
18.65340571398088 1
18.662166348510198 1
18.6841099540585 1
18.69594998425828 1
18.748376522688563 1
18.77543303948844 1
18.804380962402192 1
18.825687706248768 1
18.84014431207324 1
18.890374724387136 1
18.897531067238205 1
18.906954725224523 1
18.90944155058471 1
18.91399229914269 1
18.952397604968407 1
18.98692494690885 1
18.990615250629794 1
19.019610566342337 1
19.04732696657793 1
19.07704814430821 1
19.09222885808025 1
19.10924313144208 1
19.121288396395634 1
19.140539600014517 1
19.16972286698779 1
19.174464654444836 1
19.18752455410069 1
19.197467954404093 1
19.24748513815149 1
19.31354024393393 1
19.36695138776797 1
19.36862069539306 1
19.37068180231003 1
19.381255600300435 1
19.38566633992641 1
19.41228087781045 1
19.4123701504758 1
19.42456646109865 1
19.432659735321693 1
19.495624632740384 1
19.509239551859487 1
19.512023317475467 1
19.534014795456027 1
19.53589320222905 1
19.548558456750108 1
19.54904399079288 1
19.56606926783581 1
19.570631585059537 1
19.597996885503772 1
19.635862892585624 1
19.654917700953032 1
19.66124705622269 1
19.66257183587367 1
19.69885776180387 1
19.702449707027757 1
19.716771973255607 1
19.72259075506278 1
19.74056975007573 1
19.74175685228412 1
19.746808647211523 1
19.764398875485192 1
19.7733405175178 1
19.778447999609 1
19.782785431114043 1
19.78715111288363 1
19.79854418031373 1
19.86008371014182 1
19.88160158823692 1
19.88200069914052 1
19.8895994952477 1
19.923925832579027 1
19.926730687667817 1
19.945557259000022 1
20.01446273792204 1
20.037979291679324 1
20.06033005275301 1
20.085716753790724 1
20.098900797632027 1
20.103377437370725 1
20.10493717030703 1
20.106188972301712 1
20.13955860346121 1
20.147817255506634 1
20.15228739978816 1
20.188842315607705 1
20.196347217059436 1
20.217939782571804 1
20.23779823246073 1
20.2450274059045 1
20.24537948248376 1
20.261677629798104 1
20.272678114671432 1
20.27319858921972 1
20.28783512457654 1
20.31931938747048 1
20.353601873442155 1
20.36008247685152 1
20.372612846744783 1
20.3750154656834 1
20.38053636106249 1
20.3922053846786 1
20.42273790600351 1
20.44087823119368 1
20.44770035750405 1
20.473361456483637 1
20.49606881646712 1
20.51087730273004 1
20.526531004912695 1
20.55221391396455 1
20.5589713054907 1
20.61404998545637 1
20.627700650132518 1
20.67778099480041 1
20.737074088738996 1
20.73858562470782 1
20.778121106772996 1
20.814651362220552 1
20.8382755163532 1
20.86828033629152 1
20.868829182321512 1
20.88575202439385 1
20.889261331319688 1
20.9281088088457 1
20.959097624092838 1
20.975456237565943 1
20.98914135778917 1
21.037869612516843 1
21.06740399569349 1
21.15779358131378 1
21.15991271637272 1
21.159978218422268 1
21.16140352824208 1
21.188097737867917 1
21.212420494402544 1
21.21867124971136 1
21.236611710541027 1
21.2483497663149 1
21.270323511991524 1
21.27806616313268 1
21.295908482877355 1
21.300337276991936 1
21.36452191976016 1
21.365358982240657 1
21.36793095812716 1
21.37831418280768 1
21.41480997362674 1
21.450629862274813 1
21.46457381742177 1
21.511479568214156 1
21.52642272909382 1
21.571642120581263 1
21.607626110553465 1
21.60893139593578 1
21.65063199879476 1
21.655199174232216 1
21.664782774770988 1
21.670077504471784 1
21.677807392051623 1
21.68196052242388 1
21.683201841664275 1
21.685448815471226 1
21.70798589489913 1
21.735554034672784 1
21.76901524100641 1
21.78316555669009 1
21.794069637592877 1
21.80773126945271 1
21.83116997848161 1
21.835463287997964 1
21.85068560272077 1
21.851712104413178 1
21.88303886662817 1
21.942939653926885 1
21.962615548402525 1
21.979266550146605 1
21.99125876786614 1
22.10411519217802 1
22.13148818877231 1
22.13926855674802 1
22.14193368259287 1
22.142334039816703 1
22.15394730536319 1
22.15850085980616 1
22.165445990848596 1
22.183424075239348 1
22.274284544699764 1
22.30139856189476 1
22.3903796445346 1
22.39980826546857 1
22.439819376237352 1
22.500688164476493 1
22.50133553763149 1
22.50973180615955 1
22.526125299770104 1
22.56272479724211 1
22.573238898086824 1
22.593860813403424 1
22.636991711822848 1
22.637821471426737 1
22.682757522675157 1
22.684018655847076 1
22.73635390967652 1
22.805845172991308 1
22.82043746440945 1
22.84072685254249 1
22.850458576790206 1
22.851087229762797 1
22.88145350092328 1
22.883435192112408 1
22.892124324187392 1
22.947126125852805 1
22.965134660596533 1
23.073288378641788 1
23.11910525586125 1
23.168533470330534 1
23.170763678479915 1
23.185066334648475 1
23.195364938495835 1
23.23681371766997 1
23.24184917837995 1
23.251844857028743 1
23.258895077607477 1
23.31312236365237 1
23.323896966286952 1
23.42479253201097 1
23.442842216567445 1
23.44471098461885 1
23.450341914246245 1
23.515386640958766 1
23.517622039339496 1
23.54804611242465 1
23.564497038204607 1
23.584188764750223 1
23.63155202793503 1
23.6320765554886 1
23.63930776843766 1
23.64624367281261 1
23.69090073495227 1
23.69399769469137 1
23.697775260840665 1
23.72075567547589 1
23.72218123887715 1
23.72819111906417 1
23.737687169300838 1
23.74300887562276 1
23.76728956182731 1
23.77132431099341 1
23.791616335684395 1
23.8180098814583 1
23.84202745230037 1
23.88098048281684 1
23.911866599399936 1
23.92971773415043 1
23.95024142950013 1
24.03376714497137 1
24.04518937405793 1
24.12899083995344 1
24.24633629222422 1
24.25470330124984 1
24.257310071149348 1
24.32525401283785 1
24.352577922053023 1
24.36822077296357 1
24.41192737417138 1
24.419849798119948 1
24.429309075309146 1
24.43719256026005 1
24.472343022044345 1
24.504967959767708 1
24.551241390818756 1
24.5555354199518 1
24.58389584936358 1
24.59489448308286 1
24.60879940869617 1
24.631869119804865 1
24.643501425850385 1
24.64604069058425 1
24.663960166694267 1
24.702269444739777 1
24.72862824358641 1
24.82319578383995 1
24.82473983119936 1
24.826485653252128 1
24.830324834805875 1
24.84971020333578 1
24.86887074577883 1
24.892695889526 1
24.897429314345004 1
24.908745204145976 1
24.964966715615223 1
25.02458923428104 1
25.032613753838493 1
25.17473405425598 1
25.20154875515673 1
25.2173810800942 1
25.305256051014684 1
25.318849968780093 1
25.329859367865016 1
25.371294484413195 1
25.385900833051416 1
25.41487584291996 1
25.494626774516828 1
25.52690126062649 1
25.598097311993943 1
25.62983995662929 1
25.63322234092277 1
25.637696142664183 1
25.649441401365944 1
25.69231562464671 1
25.7268663318004 1
25.727572702285347 1
25.749226215235343 1
25.79389367838973 1
25.817871380753896 1
25.825776093620032 1
25.837993043297207 1
25.84437522647652 1
25.86009047344396 1
25.893253138621187 1
25.93164975082527 1
25.972253437193142 1
26.05210467564256 1
26.106477867506143 1
26.114194261038392 1
26.15731491063054 1
26.179897689113503 1
26.19124057385581 1
26.205925487232182 1
26.249146018516345 1
26.251462119553675 1
26.265251339806102 1
26.27723057282628 1
26.292264122728906 1
26.297553975968277 1
26.3219176936802 1
26.35222917474061 1
26.36104954869227 1
26.395173199068957 1
26.420283899399976 1
26.479966281212043 1
26.48402377306804 1
26.489488610777062 1
26.53272080719069 1
26.58167722535227 1
26.58755632370276 1
26.60156880642252 1
26.644744360694357 1
26.749387597979577 1
26.76884025413848 1
26.778507999020757 1
26.88310018142051 1
26.908647057001147 1
26.92085718698732 1
26.958891865209207 1
26.965164597914587 1
26.97950790863846 1
26.9804407405157 1
26.980599667706763 1
26.99544893132512 1
27.022741449685125 1
27.114776958148635 1
27.148162587926222 1
27.152812870001195 1
27.223460924366016 1
27.299707231233143 1
27.29975921455572 1
27.307471175734424 1
27.312609556000183 1
27.34964307821318 1
27.36227706075425 1
27.40171646178201 1
27.416931011359186 1
27.43230295665783 1
27.43512489716568 1
27.46032345830009 1
27.48210395504724 1
27.535241449945545 1
27.548367998015184 1
27.59716307027329 1
27.612008501852 1
27.639182408882505 1
27.66082881825052 1
27.688355740889204 1
27.71063655948807 1
27.732914531960933 1
27.73377754115738 1
27.7403824828158 1
27.84685164426162 1
27.869147603934287 1
27.994181345672143 1
28.00477834610689 1
28.015523242424536 1
28.04847320903355 1
28.07486105715687 1
28.10012404676969 1
28.18032724027055 1
28.18251124773133 1
28.24507324235437 1
28.28951192309452 1
28.30610686397899 1
28.31508873810382 1
28.32637178543532 1
28.337731491610494 1
28.339214010594628 1
28.35130812948751 1
28.405813849531416 1
28.530565252759185 1
28.56685536343689 1
28.59944518281655 1
28.629917975944384 1
28.66081065436665 1
28.697753837486896 1
28.74849737886445 1
28.850231640755133 1
28.853441396082463 1
28.88793753739149 1
28.96261502580317 1
29.0056037385679 1
29.00830743966277 1
29.1640071258814 1
29.232085944483064 1
29.32312177036381 1
29.326507957295195 1
29.33788976792379 1
29.338191563744008 1
29.37195100634056 1
29.373711338610143 1
29.38802187214087 1
29.395887287979622 1
29.508184854896477 1
29.517833292827355 1
29.525235405959847 1
29.609154946494478 1
29.69059492960656 1
29.703939976416653 1
29.709331588441167 1
29.888036362972247 1
29.90152897259388 1
29.92754415437313 1
29.995688252268938 1
30.01016369461924 1
30.01389837482744 1
30.10625522560817 1
30.116344004887523 1
30.164556467202623 1
30.165239170575735 1
30.184645167107544 1
30.199886858138125 1
30.20060146094632 1
30.244994587609035 1
30.279335980968693 1
30.367479107379253 1
30.38215915253225 1
30.390297921290948 1
30.3925494744175 1
30.4623804942322 1
30.47869569164835 1
30.51475093509316 1
30.583237691346728 1
30.621715438387135 1
30.648685738959458 1
30.69018546743448 1
30.708350174829743 1
30.726979520868955 1
30.74376343589129 1
30.744315758014917 1
30.75569462783227 1
30.7770212627034 1
30.79680276235069 1
30.97715625987111 1
31.034523548667103 1
31.0360618507008 1
31.0796922433981 1
31.1044738752398 1
31.124084327866047 1
31.15050040989953 1
31.226725296198424 1
31.24774407107593 1
31.29626704507054 1
31.297829507763847 1
31.37348098317069 1
31.443041837827646 1
31.45782990023539 1
31.532087116908365 1
31.603323411105897 1
31.622823593694672 1
31.627179531675804 1
31.75927899938692 1
31.89483996232652 1
31.965730653012763 1
31.977957965838208 1
32.00606996723363 1
32.010420994985225 1
32.0802730238856 1
32.083815849125614 1
32.09871051335705 1
32.17474253736563 1
32.23304955704955 1
32.301695053755495 1
32.33633490564535 1
32.357113872408235 1
32.3776290552031 1
32.38712229029462 1
32.41730608987872 1
32.58853352031305 1
32.727576416738096 1
32.73973360391041 1
32.740839899064234 1
32.80650874481226 1
32.91351899756555 1
32.93177971947112 1
32.95297675543004 1
32.96097664876196 1
32.96284168082245 1
32.97530617459325 1
32.98077042781618 1
33.02890897648459 1
33.0890266618205 1
33.103326683020406 1
33.10658209550929 1
33.148946191891866 1
33.17870855494336 1
33.22641666677202 1
33.2599514719674 1
33.37001816858443 1
33.40693226006076 1
33.457816304565206 1
33.56956663130965 1
33.58505618528529 1
33.60320699873588 1
33.649649819575245 1
33.65293485710635 1
33.69513946246169 1
33.698009747857114 1
33.7122973947869 1
33.73694153616677 1
33.755877934736134 1
33.7827812785826 1
33.86079111212999 1
33.86828776364047 1
33.869425878101 1
33.91060777371133 1
33.91107180235797 1
33.926742226608475 1
33.92866993630503 1
33.96031636213037 1
33.9628204444382 1
33.96931271885868 1
33.98635563169412 1
34.00273699891265 1
34.06991462841046 1
34.10661729150118 1
34.11253888371121 1
34.159997507563105 1
34.16520513040355 1
34.19235560641628 1
34.20035119565331 1
34.20279575138478 1
34.204505686002214 1
34.428659026139 1
34.44330458355996 1
34.46891791172626 1
34.48871678155155 1
34.53953065554902 1
34.601081131043884 1
34.601763253128155 1
34.627285399018426 1
34.68340031820625 1
34.69182394589463 1
34.69507603057856 1
34.773453195068754 1
34.78951666447374 1
34.79269373613223 1
34.81248999813789 1
34.87690585851482 1
34.89191038022066 1
34.893683828614094 1
34.96777628246718 1
35.04186880520425 1
35.07758468878193 1
35.08084894261123 1
35.08848675005304 1
35.118604864143904 1
35.152381221600486 1
35.21878031911772 1
35.27618500162023 1
35.2815213143306 1
35.31013809572459 1
35.322946975301534 1
35.324256081140724 1
35.33652451056988 1
35.37190802998178 1
35.4187048365958 1
35.48282098428198 1
35.512473391258965 1
35.543907775274896 1
35.5455266560848 1
35.57357322592939 1
35.585517431728 1
35.607538747744705 1
35.637637424246826 1
35.72412658395561 1
35.73392783873232 1
35.734139412099495 1
35.75201375899831 1
35.7986087207422 1
35.82071962737456 1
35.8289988072579 1
35.86490117828124 1
35.88270405716797 1
35.8981110849978 1
35.932350886301094 1
35.9353783661898 1
36.10087951006037 1
36.1168528366015 1
36.1270055667123 1
36.192704653133184 1
36.21729319776262 1
36.21922354841252 1
36.25361701060755 1
36.294054373350775 1
36.32145577861869 1
36.341849431313 1
36.378281487229074 1
36.38268015527448 1
36.39541343202858 1
36.486228782772514 1
36.490774506825744 1
36.49985009855545 1
36.51952769615027 1
36.52826918367086 1
36.55353067308089 1
36.58099337234153 1
36.63599064344267 1
36.639374907631804 1
36.69270020089646 1
36.71227681751005 1
36.76642059579315 1
36.788151631115056 1
36.87323463527419 1
36.91504709412073 1
36.93063815578154 1
37.00260945598713 1
37.14322170078122 1
37.15023277402828 1
37.276970847302806 1
37.28346383640842 1
37.32397062277078 1
37.33835755018016 1
37.412101652607134 1
37.44230269351288 1
37.4576460270396 1
37.46062438418194 1
37.50178490867616 1
37.5130836183226 1
37.5144651356084 1
37.59171254159486 1
37.71655634305972 1
37.72044651686211 1
37.76186355606167 1
37.86924019527268 1
37.90468722544127 1
37.906213363693126 1
37.94793574603569 1
37.96860700863089 1
37.98783533464584 1
38.02455546484463 1
38.15874182737019 1
38.1808881015903 1
38.32467415835705 1
38.32477133580237 1
38.58473136992475 1
38.59064762470359 1
38.60397258579327 1
38.6530077796553 1
38.71926587582736 1
38.72119523212179 1
38.7262009747865 1
38.74653987784393 1
38.75253696550448 1
38.76198362656926 1
38.78827325794044 1
38.83672088239389 1
38.94957042536917 1
38.957374082691416 1
38.96289737258735 1
38.98234287723336 1
38.989004861715735 1
38.98933273211452 1
39.02169770137927 1
39.03263744712312 1
39.04581096468652 1
39.05293267422615 1
39.13439426892411 1
39.15044882720571 1
39.15555351406943 1
39.17159018142229 1
39.19003947068641 1
39.213231895511136 1
39.27839853490396 1
39.30030749759953 1
39.36550923434002 1
39.39229288665554 1
39.40140038906604 1
39.40606210146282 1
39.45010670096707 1
39.50034389228767 1
39.5308778286128 1
39.53156139130342 1
39.56752435380847 1
39.581394622651246 1
39.58498595957352 1
39.60024085468085 1
39.64973013961191 1
39.7046407352388 1
39.82274752835083 1
39.85736939968695 1
39.88460200281722 1
39.8897301087068 1
39.89641198985084 1
39.92901039074082 1
39.93817207218252 1
39.953736272614336 1
39.967205444291146 1
39.98526062441068 1
40.03950379644776 1
40.09647106534301 1
40.10071376683959 1
40.1229003682953 1
40.24940387932966 1
40.30316183276057 1
40.32294447194129 1
40.46473824419952 1
40.46632031509786 1
40.5137857272048 1
40.549326078019725 1
40.58987427809724 1
40.60822448622875 1
40.65089904266348 1
40.65979288468848 1
40.797085009583405 1
40.82306063630863 1
40.86563379853935 1
40.892817582517445 1
40.91883027210838 1
40.9336550655014 1
40.94799230055531 1
40.95675663236469 1
40.95730662577439 1
40.959452071432125 1
41.00396627029466 1
41.014088184867816 1
41.07178283538216 1
41.09546250822277 1
41.103997887155415 1
41.15347721360198 1
41.208810137922576 1
41.27107561401942 1
41.30855389064462 1
41.32077288214334 1
41.32163923131336 1
41.45094714917651 1
41.45903683715052 1
41.54057366273448 1
41.55508954369824 1
41.56133205485546 1
41.60091329570916 1
41.63301472153728 1
41.70521468220553 1
41.70936013495791 1
41.74920583242496 1
41.7741348482645 1
41.9255041111983 1
41.95118886667923 1
41.95805229611889 1
41.97534470750234 1
42.118683570722204 1
42.140926462196106 1
42.15145826460927 1
42.17426981488397 1
42.189384808414175 1
42.19891579124779 1
42.19971198488535 1
42.24361085970998 1
42.3282444845267 1
42.33239513120122 1
42.43140147823146 1
42.48717020730102 1
42.55672722866431 1
42.56742515300451 1
42.59477269888093 1
42.701375418139015 1
42.71154304983121 1
42.72030796782443 1
42.75692498617099 1
42.75848049716051 1
42.76983449054959 1
42.80218987175287 1
42.85287873248136 1
42.88139956957539 1
43.02944722651058 1
43.0309083688053 1
43.05959783047818 1
43.096124693823086 1
43.17327894230522 1
43.2205126515249 1
43.2596674682882 1
43.26980112406357 1
43.29957840971311 1
43.310298877823854 1
43.378225921988346 1
43.37850465328162 1
43.39788698241175 1
43.43226398145504 1
43.46735547416503 1
43.47074360273224 1
43.49699003765189 1
43.53153473092208 1
43.5487122363996 1
43.55428595065907 1
43.56109735295845 1
43.67030882119613 1
43.75390026558096 1
43.79221534077642 1
43.81898619377216 1
43.91054829057874 1
43.99942092122823 1
44.030596163248525 1
44.04425087028509 1
44.08849510006687 1
44.10907376611237 1
44.11835583182112 1
44.12489587508012 1
44.16646045107053 1
44.18534475570129 1
44.1947136292463 1
44.26163295599208 1
44.2888605777522 1
44.34464031594651 1
44.3632537698042 1
44.366888414738966 1
44.3944031008589 1
44.49326831923777 1
44.50672008166233 1
44.51972935477354 1
44.573278753542 1
44.68715843882165 1
44.7391360333902 1
44.73945448709684 1
44.88201577714011 1
44.90788356663069 1
44.93377896990542 1
44.952467577933405 1
44.9529514750242 1
45.01573680134136 1
45.02136158614915 1
45.043688433094445 1
45.18313324618804 1
45.19887775444522 1
45.304799382316304 1
45.368986114798325 1
45.43145292178251 1
45.4674518060294 1
45.57850621962358 1
45.60956245716281 1
45.630520383003535 1
45.71561982310204 1
45.789714042277744 1
45.79650034168707 1
45.891832611682894 1
45.911507965978544 1
45.91843901121302 1
45.93277354961855 1
45.93441103518259 1
45.99510112540428 1
46.00456837101578 1
46.06333125282699 1
46.07102001929604 1
46.078207856188136 1
46.16050037725577 1
46.26001694579183 1
46.36651856535607 1
46.43274507193657 1
46.44836367504671 1
46.45700500686946 1
46.56412525422119 1
46.57478954113993 1
46.595969565400246 1
46.63967538017494 1
46.67563918088005 1
46.72540328018632 1
46.74342758267999 1
46.756115350938266 1
46.77511521832528 1
46.79301355974657 1
46.816782683683655 1
46.820868603743854 1
46.84152293779229 1
46.852811394100975 1
46.87767795978227 1
46.92591694713138 1
46.92624091388201 1
47.02318990211718 1
47.076848236023885 1
47.13094256265796 1
47.4094390906896 1
47.41056443435939 1
47.421598254976765 1
47.49436912264626 1
47.52944712126076 1
47.56238889759344 1
47.59215529318302 1
47.62135641237749 1
47.632252842561066 1
47.67279855227298 1
47.70991880652673 1
47.71086327698522 1
47.7506389164545 1
47.81035377873798 1
47.81413849385474 1
47.89296834190687 1
47.92305060654096 1
47.952012210071246 1
47.99273571564023 1
48.02466666205371 1
48.057521604787794 1
48.14719695916897 1
48.18703659444584 1
48.18913449306969 1
48.219512008814206 1
48.22893441091312 1
48.340806381642096 1
48.4041336602246 1
48.433684197198886 1
48.450020566469625 1
48.48053763614448 1
48.566116124738045 1
48.7052839282735 1
48.71076942576389 1
48.77628093394218 1
48.90287212279407 1
48.908365975388605 1
48.97481693060761 1
49.022884056718674 1
49.022904903186536 1
49.064174817323405 1
49.16673631715821 1
49.17209028746499 1
49.2176261281474 1
49.34379795057311 1
49.3541799517953 1
49.38819139211921 1
49.39231161227508 1
49.41555072643438 1
49.59905218942509 1
49.65341627126654 1
49.76893336441905 1
49.77942790672624 1
49.86435013350327 1
49.92506892111136 1
49.95551753387981 1
50.14173325738964 1
50.145525244793895 1
50.16383029115283 1
50.16691201167504 1
50.24314655362945 1
50.27421443279346 1
50.51632719234039 1
50.54083620301469 1
50.54864245374799 1
50.69625387435573 1
50.70065998734186 1
50.70489768643853 1
50.81138060048504 1
50.84118793953629 1
50.857795767252426 1
50.866832740792816 1
50.91569397204075 1
51.055793772521874 1
51.05828426031305 1
51.23998272504031 1
51.390613840400405 1
51.40558891684929 1
51.556592985867454 1
51.70012451676244 1
51.75132397661504 1
51.76373591111624 1
51.77903171386234 1
51.8781106656792 1
51.94569949515373 1
51.95911619669688 1
51.97418539424692 1
52.004449437152815 1
52.08651553692227 1
52.163049478842446 1
52.267380554064665 1
52.34407270017565 1
52.37632114624073 1
52.484693974824665 1
52.543405443546064 1
52.60561642084959 1
52.68979191396109 1
52.74039729119046 1
52.77023201126986 1
52.995393863109406 1
53.20353880938625 1
53.359644127110336 1
53.44672290068107 1
53.53758706700057 1
53.56312647555875 1
53.56632540922757 1
53.5917707744365 1
53.60158579665952 1
53.77712730391956 1
53.78031820500432 1
53.79895648540621 1
53.81969445045741 1
53.96498219726268 1
53.98800464645415 1
54.02041866910667 1
54.14339715351189 1
54.15112454694388 1
54.17355695172372 1
54.20059311957573 1
54.211712386316414 1
54.30687530157836 1
54.33363626886457 1
54.3809345638558 1
54.38126701550582 1
54.45934132932782 1
54.472355201437935 1
54.486875113174094 1
54.49227438895406 1
54.60031456331773 1
54.60150710278712 1
54.66759472182212 1
54.70066259873877 1
54.97566036933919 1
54.98668446235617 1
55.02830963081922 1
55.03164910819429 1
55.0719837359706 1
55.1147182386436 1
55.32520692509013 1
55.33414890871779 1
55.39233313896665 1
55.43024762652316 1
55.47537688568546 1
55.55847454397145 1
55.59088215190318 1
55.59505435031272 1
55.70220592408767 1
55.98863423720186 1
55.99414012890821 1
56.00391840931275 1
56.01928145232794 1
56.03411402955613 1
56.0657908176522 1
56.10440744883838 1
56.28484586575503 1
56.30435835614375 1
56.32973847145382 1
56.34308675821669 1
56.361113998933945 1
56.370888109765566 1
56.42233202454734 1
56.44175779511105 1
56.45794096715185 1
56.50185658192764 1
56.60381855664463 1
56.7660746394056 1
56.78101522168436 1
56.81465594121945 1
56.842013065880856 1
56.939167822866914 1
56.94675321081772 1
56.96366798423525 1
56.97306343760058 1
57.013009581913984 1
57.16720007678621 1
57.28192987709715 1
57.33406853303651 1
57.36156450380116 1
57.547113101155006 1
57.60472822485604 1
57.61314132203315 1
57.63625583313335 1
57.68733636543429 1
57.77477199049604 1
57.78025806240443 1
57.91168480546951 1
57.91717865420111 1
57.99613329483822 1
58.32159581483572 1
58.393736614171466 1
58.456942111318135 1
58.48279709747961 1
58.49300848575209 1
58.566886737874654 1
58.62604739754335 1
58.63541407561896 1
58.64687758861567 1
58.67453885863126 1
58.831845007467045 1
58.85903056872367 1
58.92637058541594 1
58.98124460008643 1
59.03061663050345 1
59.19546023777435 1
59.2164289606794 1
59.23751159960507 1
59.29354493938234 1
59.35342878647331 1
59.38919864449483 1
59.43759860856399 1
59.46395465625638 1
59.481002006459285 1
59.48295326732472 1
59.51257323832283 1
59.577136297570384 1
59.59719258316909 1
59.62920746233615 1
59.77228818649219 1
59.82724119180962 1
60.014495496551326 1
60.02542685627503 1
60.03094943720495 1
60.0645113931857 1
60.083497749171286 1
60.17469080782427 1
60.2235298554705 1
60.24623404974911 1
60.27493922230682 1
60.32363300544261 1
60.35520179151311 1
60.58325526091113 1
60.6415854365678 1
60.70810938033404 1
60.73369732402063 1
60.77074808802736 1
60.83407591077373 1
60.86008526646526 1
60.86074630898772 1
60.86290716344311 1
60.86891708159506 1
60.96643263653867 1
61.00447096607118 1
61.02201326220997 1
61.029093057548 1
61.16482813894412 1
61.20484088555288 1
61.233632916900135 1
61.28619031737032 1
61.352249387076505 1
61.41559341381278 1
61.44480078982611 1
61.47462842832997 1
61.56421794808789 1
61.57854490255502 1
61.61110500109098 1
61.64463655095988 1
61.670362935586766 1
61.71650091798061 1
61.7593390845004 1
61.86579034630539 1
61.91026527346556 1
61.97043032488826 1
61.98863527803377 1
61.993426600901536 1
62.03693302914929 1
62.086198368863066 1
62.09528673768023 1
62.22477010596712 1
62.26155661505524 1
62.28057597019919 1
62.36751312322055 1
62.37365534795737 1
62.42875970256422 1
62.48777550503455 1
62.522507462405976 1
62.59067682604065 1
62.74629925238885 1
62.75062757076503 1
62.76315594865878 1
62.774172807685176 1
62.79819094051327 1
62.81727730628404 1
62.86966346642177 1
62.88100053143188 1
62.90815154660509 1
62.92458648864869 1
62.97406781983172 1
63.02754877074816 1
63.07470980772423 1
63.24048443457944 1
63.29505760524083 1
63.29998762163171 1
63.35648971604554 1
63.44429205234735 1
63.4485556814972 1
63.54045091026061 1
63.73370189071814 1
63.87581720936 1
63.90230174809299 1
63.9268261327578 1
63.94829413076486 1
63.97145548355421 1
64.07892747511555 1
64.14586297532861 1
64.16056523204988 1
64.33850825192461 1
64.38555616439714 1
64.51565348529898 1
64.5746377749029 1
64.60959433773829 1
64.72433291449173 1
64.73467204897707 1
65.1050293041333 1
65.11162214525864 1
65.13176207868648 1
65.13811539920546 1
65.15856608276239 1
65.19470853920741 1
65.22837950163613 1
65.25860299476349 1
65.31746710560769 1
65.51886090063228 1
65.55196697024175 1
65.59065314940045 1
65.60672470639992 1
65.64635950055589 1
65.68720063223961 1
65.81744318402266 1
65.8722587595675 1
65.88128292799864 1
65.93054877726348 1
66.02772719242942 1
66.11044649682272 1
66.15704381119329 1
66.3421719261254 1
66.40709622081002 1
66.41521519816135 1
66.53430969260174 1
66.53868576695345 1
66.56920042888821 1
66.64960942387945 1
66.71510744415815 1
66.72159268655587 1
66.72478452711329 1
66.84481108018244 1
66.85152120672934 1
66.87214904396546 1
67.06395270184584 1
67.124155961854 1
67.19260951916422 1
67.20105405123753 1
67.20266878193097 1
67.26330348248378 1
67.29362976044351 1
67.31057729218149 1
67.58315783648665 1
67.59727026222676 1
67.59729889145223 1
67.59736995215877 1
67.69148300817514 1
67.71495870312813 1
67.73770117813564 1
67.8725821074327 1
67.90679173630528 1
67.91020968279068 1
67.99264838099234 1
67.99498631762128 1
68.07128998684067 1
68.19699615896356 1
68.22602225793258 1
68.36524811779898 1
68.4045828995023 1
68.46212256821222 1
68.47319569591552 1
68.48409461312639 1
68.54605463163303 1
68.60369386655591 1
68.6068186729628 1
68.61652481202601 1
68.7502927973528 1
68.93373926068836 1
69.00321745580945 1
69.05731302576542 1
69.06253528015762 1
69.1531617045145 1
69.18246665237231 1
69.23787966550633 1
69.29041757251032 1
69.4735292999731 1
69.62731376722355 1
69.6532345812321 1
69.7364773239162 1
69.77822733099828 1
69.80127131152798 1
69.80907424822634 1
69.81954644545088 1
69.82252729113827 1
69.9245862333068 1
70.14209556805892 1
70.1469954852659 1
70.18599261403259 1
70.23549029537449 1
70.30500777458144 1
70.33329029016433 1
70.33439731702725 1
70.38215068352656 1
70.6554446809663 1
70.73613160661375 1
70.78308931222224 1
70.90990050086288 1
70.9232945508454 1
70.98004325276324 1
71.13293788754306 1
71.32345082455849 1
71.35867472049972 1
71.41006349697476 1
71.53536275870981 1
71.55953611281149 1
71.69163295278955 1
71.79252259558704 1
71.84056435585005 1
72.18992466564852 1
72.29424207451109 1
72.42762276111783 1
72.49141222716564 1
72.54151205895751 1
72.6316245848644 1
72.66401973758269 1
72.76578686452098 1
72.79244045854418 1
72.79477198161565 1
72.80021998288123 1
72.96980579575957 1
72.99606450802165 1
73.12940656131788 1
73.25325478233948 1
73.3728507455191 1
73.59351423091701 1
73.67600429100284 1
73.69202099727768 1
73.69926082919885 1
73.7505237905722 1
73.78327355990541 1
73.92469392801831 1
73.96253910090483 1
74.13528926781238 1
74.25591920159665 1
74.31310635821494 1
74.32397882348438 1
74.41175195657257 1
74.60403822325371 1
74.70666992563459 1
74.77349004972997 1
74.78976129021274 1
75.12138696143886 1
75.1789111370289 1
75.19327326311553 1
75.20999753787163 1
75.28717745922586 1
75.30928020778167 1
75.31483356001435 1
75.53260593101994 1
75.54172655202476 1
75.57655941054776 1
75.6313193333642 1
75.67538084246647 1
75.74209159040979 1
75.95715362047096 1
75.97992097293506 1
76.04896696401609 1
76.09905820961974 1
76.23425992299363 1
76.2848232029968 1
76.30139694614533 1
76.3100223841953 1
76.32959888047156 1
76.41035770791397 1
76.45375501853007 1
76.47449956551263 1
76.49494138741721 1
76.51447603210215 1
76.54981232993511 1
76.5627849001792 1
76.79658473804918 1
76.89106545093657 1
76.92534361256041 1
77.09382026534608 1
77.10067785335985 1
77.1116467687308 1
77.15595789629288 1
77.21571060161631 1
77.50351148270408 1
77.58896303586673 1
77.59849089649161 1
77.73263052943383 1
77.7660586352832 1
77.77009532395692 1
77.91156356421811 1
78.07168989060422 1
78.13919587962475 1
78.34625570064186 1
78.47511797201673 1
78.50707403889903 1
78.56078072563854 1
78.65204470654966 1
78.66871191200603 1
78.88658167201764 1
79.02793453111356 1
79.26953056124928 1
79.27274846554322 1
79.3154561138048 1
79.50582466754756 1
79.53661039839517 1
79.61070748812307 1
79.62887429417206 1
79.69055341336168 1
79.76222667440756 1
79.76935202310824 1
79.7755999971967 1
79.77574481214288 1
79.80481255404733 1
79.91186333602424 1
79.9735848725933 1
80.01633998493637 1
80.3872362198477 1
80.41280990566158 1
80.46073598225593 1
80.4988805487999 1
80.51623708613174 1
80.51786140824714 1
80.95212699157878 1
81.08184738075462 1
81.2363937667074 1
81.31601525882468 1
81.33918320909217 1
81.43046614757732 1
81.5549757688068 1
81.61000064639097 1
81.7889351642823 1
81.83450605083286 1
81.90309735896938 1
81.9436367288779 1
81.94872875844011 1
82.00566934823091 1
82.07152677091341 1
82.09351727462659 1
82.0949327164694 1
82.27639751292372 1
82.35973237960957 1
82.46692701478045 1
82.51205353805841 1
82.53828273882925 1
82.63384932755484 1
82.6418717401704 1
82.84719353796183 1
82.85199027005008 1
83.00735939870546 1
83.16662003973433 1
83.2760561470219 1
83.34702981805107 1
83.88699422852774 1
83.89380275837242 1
84.03406068235192 1
84.15335655645016 1
84.21974995786577 1
84.26547748066609 1
84.49118641487944 1
84.53175582356363 1
84.5564566972817 1
84.56421237439758 1
84.57882199079422 1
84.93103315707569 1
85.02403034372304 1
85.07080162586944 1
85.25856893018276 1
85.35193084297381 1
85.3978353429726 1
85.49295273667336 1
85.76929956983484 1
85.84411624937835 1
85.89133948488421 1
86.02814666796945 1
86.16200770733877 1
86.18096838494668 1
86.9653151526881 1
87.12005819542738 1
87.12388907449315 1
87.15417713114918 1
87.16616203452686 1
87.24548498495705 1
87.33515153486054 1
87.34165541054162 1
87.35316532909428 1
87.42652910065007 1
87.63375877992131 1
87.65114205196699 1
87.9816451912166 1
87.98879325887654 1
87.99049612331218 1
88.13830672950225 1
88.15697117963364 1
88.37474341629661 1
88.51544648609658 1
88.66524732118715 1
88.84849594941753 1
88.88917988813648 1
89.30282954658264 1
89.52488772810192 1
89.55109709624463 1
89.64033394262812 1
89.67289785865984 1
89.71444100241231 1
89.72857147749066 1
89.75742491544824 1
89.96778424397996 1
90.28048686274664 1
90.41008193149126 1
90.44505494378096 1
90.5100180379266 1
90.65033090597096 1
90.84266859491018 1
91.09825615277111 1
91.10275720019276 1
91.1782593446396 1
91.36248887190251 1
91.36427262380413 1
91.71217993205848 1
92.0340043256818 1
92.17677459059624 1
92.32259961109868 1
92.3488763850425 1
92.38553745797527 1
92.38810039415524 1
92.46516955244508 1
92.51956012092108 1
92.53819596330852 1
92.72510783694024 1
92.80640540210317 1
92.90639733602592 1
92.9420583383231 1
92.98422059142312 1
93.03655901078466 1
93.05776648465084 1
93.16635748894426 1
93.18317795811276 1
93.35035793592512 1
93.37252504659058 1
93.4314462839245 1
93.45644838994082 1
93.46585906963205 1
93.47389708590386 1
93.57738626364822 1
93.63187692210845 1
93.6429148835047 1
93.96200228560124 1
93.96392940768628 1
94.03056999554772 1
94.06282552761604 1
94.26159338550208 1
94.29123434486804 1
94.48403087852012 1
94.94873589471004 1
95.03060014637352 1
95.15636282391036 1
95.15921095359624 1
95.17969155509246 1
95.39944665945092 1
95.5948350896024 1
95.59612190032922 1
95.7313730932652 1
95.87718715334655 1
96.19103970570548 1
96.2632982021372 1
96.30216026204728 1
96.64937386066292 1
96.69267154725335 1
96.81228192854653 1
96.97493201977557 1
97.03840066690898 1
97.07206887582052 1
97.17458633977084 1
97.17835278019056 1
97.39454943139368 1
97.54500484828657 1
97.69817361641098 1
97.7467342985616 1
97.74889072248064 1
97.85940130794523 1
97.9681013547186 1
98.031580928789 1
98.12363912033042 1
98.126590648883 1
98.135484119873 1
98.1471082739412 1
98.25999717700972 1
98.34878036267156 1
98.4471239345618 1
98.48660912991 1
98.6513589480599 1
98.78524954304966 1
98.8812898954045 1
98.95177076863312 1
99.3808713928375 1
99.38621642851106 1
99.8982830700527 1
99.95740641389771 1
100.16184106240284 1
100.23367428317955 1
100.30190887949668 1
100.31244958623566 1
100.35521080120904 1
100.70672952208456 1
100.74159707117134 1
100.90219882831389 1
100.9242490125616 1
100.97434268092496 1
101.07065801985986 1
101.26985027425113 1
101.48010420576186 1
101.80754221608824 1
102.19165957909912 1
102.25658583570416 1
102.3412042249671 1
102.45515410114018 1
102.52149133083806 1
102.81916894495448 1
102.86558285744204 1
103.07490601882908 1
103.1366069624054 1
103.19030614321112 1
103.31603499490812 1
103.5084792262469 1
103.52861282882274 1
103.73128183914496 1
103.80950012444116 1
103.85004771457908 1
103.90173543909438 1
104.02789580234575 1
104.03835216074202 1
104.24247325185388 1
104.27559181502784 1
104.34779990788898 1
104.40331665093944 1
104.4216201292712 1
104.5081789821783 1
104.5461978109637 1
104.73352051801496 1
104.99020290293343 1
105.02754402896626 1
105.08225284989295 1
105.6356373729107 1
105.78296358425648 1
105.90307372009624 1
105.9121771376025 1
106.33367319333529 1
106.65613926638294 1
106.8477827620818 1
106.89130892073412 1
106.9416413948446 1
107.04842085394638 1
107.14014459922124 1
107.56147844870893 1
107.58821602762544 1
108.07307540122896 1
108.17301352232133 1
108.32100038938437 1
108.36613448926228 1
108.381297354573 1
108.7304981514984 1
108.89458887800986 1
109.04046619204468 1
109.20026328080728 1
109.34563883990867 1
109.60554873825478 1
109.75249193544263 1
109.90119949016793 1
110.20219357843136 1
110.41440255552035 1
110.45967824657816 1
110.4764528976822 1
110.56992206115524 1
110.75878406792108 1
110.8658001209155 1
110.91841360873563 1
111.07473330945508 1
111.1655111813598 1
111.26850348431653 1
111.34379975907632 1
111.59884713048449 1
111.77071817265842 1
112.07013336081717 1
112.10624271217968 1
112.2176291924796 1
112.4085010289596 1
112.41239618073602 1
112.45741205695695 1
112.46645976178706 1
112.58415054807028 1
112.70909391131735 1
113.14322121309408 1
113.26220550589356 1
113.39718210544792 1
113.93718871286724 1
114.08530312469794 1
114.33977014156989 1
114.39372704571608 1
114.46226050158572 1
114.56152513340422 1
114.7423699298653 1
114.8037846417195 1
114.89572522175104 1
115.1857862024664 1
115.4572348424987 1
115.536942633142 1
115.5713131189113 1
115.68073594476014 1
115.98209522024538 1
116.06648965102374 1
116.25040505508304 1
116.3861139983288 1
116.55095983985797 1
116.61820951349188 1
116.90147995835846 1
116.93925004764232 1
116.95327899417558 1
117.85294004174662 1
117.97602572921168 1
118.04999950512212 1
118.14677121486925 1
118.350931374689 1
118.39269761135256 1
118.60530939780377 1
118.61781813897412 1
118.70173357343955 1
118.87216017139372 1
119.20774485173632 1
119.21203072611203 1
119.56645507633108 1
119.64607953638188 1
119.80783343825252 1
120.06532077877762 1
120.23245089833785 1
120.29918097857092 1
120.31018369801993 1
120.31726934194263 1
120.33165617202631 1
120.402870203153 1
120.43248461217505 1
120.51458656852782 1
120.5164916059142 1
120.63890966288572 1
120.74967025328196 1
121.03542556940408 1
121.21658839404738 1
121.94522838626168 1
121.97852119784118 1
122.02152485254524 1
122.24176434731112 1
122.28137714278895 1
122.58792139086536 1
122.59192357733671 1
122.88757853851844 1
123.16155914428391 1
123.22288253527752 1
123.58428724048386 1
123.58884496500303 1
123.71412311402072 1
123.85488751325684 1
123.92870653351304 1
123.97656607418998 1
124.09362580330831 1
124.1595835765374 1
124.26266918879432 1
124.64788724627792 1
124.83236415871058 1
125.02724435099364 1
125.3016625320334 1
125.65549537577976 1
125.77674620306188 1
126.13147538547392 1
126.27508916624215 1
126.4703496131505 1
126.55904434096811 1
126.92394723893965 1
126.94170431299833 1
127.8190093684902 1
128.3275265892094 1
128.39299138503932 1
128.45691352321478 1
128.6317360244976 1
129.21312196629825 1
129.24782626214292 1
129.57732343176883 1
130.1429677480981 1
130.2443391509709 1
130.28129686446505 1
130.58067225886538 1
130.88245972656583 1
131.1772810839571 1
131.71891772118073 1
132.00083102812025 1
132.3233269469773 1
133.39023876233193 1
133.69728062573628 1
133.72916033270187 1
133.89927928552035 1
134.09269981516155 1
135.02151021259442 1
135.19035455697858 1
135.25231605076 1
135.32160607134833 1
135.4279178851271 1
135.720140786734 1
135.892101548712 1
136.0607330891942 1
136.10061980612966 1
136.35637929236313 1
136.3731245852636 1
136.65493861342063 1
136.75757080260175 1
136.91101676688623 1
136.95465727150668 1
136.96006887272995 1
137.38111682895615 1
137.46985590941793 1
137.5364590035899 1
137.56707209256464 1
137.5716074161499 1
137.64256214648063 1
137.87592258823264 1
137.90697248704925 1
138.01507834166048 1
138.4020883876066 1
138.45037140128755 1
138.92876325279678 1
139.04231183376524 1
139.68932598233496 1
139.86954462601017 1
139.9276188140499 1
140.37886266626256 1
140.3982239923853 1
140.70326690569928 1
140.97034696807174 1
141.33467528659958 1
141.35968009911707 1
141.51936880756347 1
141.60328332311423 1
141.60721673921057 1
141.933406632792 1
141.95868341920925 1
142.25150122906632 1
142.65776239066736 1
143.4572189685673 1
143.65432573593188 1
143.75493927487335 1
144.10846027599663 1
144.2449330422572 1
144.3178923593409 1
144.57642880848317 1
144.65240634733274 1
144.9639881226567 1
145.28557520887168 1
145.28568166071537 1
145.31938119065742 1
145.41954735559108 1
145.5313423539426 1
145.53255171982505 1
145.61303460113666 1
145.80161380604014 1
146.0017243011895 1
146.03247975465294 1
146.05019345395928 1
146.06245842327087 1
146.27440593077074 1
146.3811572669269 1
146.41884338332946 1
146.4865277545571 1
146.5773719217962 1
146.7988063677617 1
146.85686764696956 1
146.98188361544072 1
147.03258341237236 1
147.16186173088863 1
147.30902430845313 1
147.6238864557597 1
147.83882217920842 1
148.1650379348551 1
148.2099180680291 1
148.27794450867398 1
148.39066736017986 1
148.40834017197568 1
148.65409128437673 1
148.68554539464458 1
148.69434198648375 1
148.9385920168356 1
149.03489024104516 1
149.32230256760033 1
149.38128850704842 1
150.15427457130795 1
150.6046804922293 1
151.22880324705068 1
151.37873410478502 1
151.79915090977354 1
152.2905110306083 1
152.29141768741377 1
152.31509106391846 1
152.69056313891974 1
152.90335617819017 1
152.9429895305462 1
153.25993019253647 1
153.27621350605392 1
153.36095733098264 1
153.4051871105734 1
153.9278666481277 1
154.23231962784595 1
154.39310523930612 1
154.54623830921162 1
155.66179307765054 1
155.98364873445362 1
155.99639092811145 1
156.071309833833 1
156.5564465544402 1
156.9438279788046 1
156.97659479579468 1
157.20530853107067 1
157.70698117679297 1
158.005901240802 1
158.13031865257918 1
158.20299496281987 1
158.31640908063193 1
158.55702416618942 1
158.80590359894555 1
158.83363096365798 1
159.34060832559177 1
159.3993963001504 1
159.6990687909014 1
159.71778947320558 1
159.94027837486792 1
160.0786084221018 1
160.84113530565403 1
160.87133987923232 1
161.31844780280574 1
161.53932692239695 1
161.7131645149697 1
162.3140276611512 1
162.3974572699019 1
162.7660038075563 1
163.30915987619673 1
163.81936112771342 1
164.57704987276438 1
164.74105652330795 1
164.88917027498815 1
164.97528701680062 1
165.35887118895417 1
165.57575497854478 1
165.8772176193039 1
166.91134416500964 1
167.12642705402828 1
167.19536462409263 1
167.35789700336974 1
167.42098539177715 1
167.9672166253043 1
168.1238086311197 1
168.6607224866712 1
168.80951129279737 1
168.91195020684594 1
169.01738165622277 1
169.07572328918894 1
169.33925496913793 1
169.86235502173454 1
170.31415990451163 1
170.3699339224988 1
171.3030122589731 1
172.00713660569446 1
172.30546192138223 1
172.76179537042393 1
173.4359193833325 1
173.89104653671143 1
174.0077758695816 1
174.17711286661236 1
175.19795389072655 1
175.2730828554757 1
175.33035410965616 1
176.26621999135017 1
176.54823397090152 1
177.4023818840635 1
177.67531446760557 1
178.2177134565423 1
178.25385435161533 1
178.39547419788377 1
179.85492669474618 1
180.0644844035346 1
180.9283278080433 1
181.38467560899255 1
181.61300626195876 1
181.651630448191 1
182.28603050628237 1
182.66054348549108 1
184.03762987556723 1
184.1247561517047 1
184.20999410781803 1
184.25387893363887 1
184.683594774604 1
184.8081955250741 1
185.06127307843624 1
185.07246446828836 1
185.0855071646841 1
185.3845735277521 1
185.4145322081289 1
185.55026412401745 1
186.586592265363 1
187.1171690301348 1
187.6140315542985 1
187.91423673718532 1
188.98425062520647 1
189.10628516594704 1
189.38290755496 1
189.5048079242724 1
189.60418419006535 1
189.6550704374464 1
189.7025163687468 1
190.1489340966177 1
190.54352730465084 1
190.56919865937292 1
190.8183863797485 1
190.9018201449354 1
192.27594576796935 1
192.4869792315343 1
192.69772451412445 1
192.73435964197333 1
192.91082460637972 1
193.24578617199245 1
193.5259087469917 1
193.6154606112517 1
194.0819763133693 1
194.09389497348147 1
194.23181954204523 1
194.6619676245948 1
195.8577415688614 1
195.9303464545621 1
195.99501209144407 1
196.235632108296 1
196.24373792217327 1
196.5839918008048 1
197.82471911564105 1
198.12146913690404 1
198.2323062622789 1
199.3090581000869 1
199.3611934837426 1
199.474249478555 1
199.5765070032156 1
200.18311937884508 1
200.20936878653708 1
200.5295541601805 1
200.79327995944476 1
200.8529684217253 1
201.09259300405256 1
201.30017374080128 1
201.46367945305167 1
202.11197588141212 1
202.3033435723985 1
202.5695433608568 1
202.93166183002705 1
202.96783921666471 1
202.9905448601089 1
203.0024964611081 1
203.3094983033804 1
203.36728829631872 1
203.5182588734156 1
203.549467380371 1
203.81356781256477 1
204.5768600085452 1
205.36712085922693 1
205.50808138393063 1
205.7077053396038 1
206.51235773526415 1
206.5654257039148 1
206.71370233265787 1
207.0193159368812 1
207.4028520017528 1
207.62886484706289 1
207.8349363547796 1
208.2884403430924 1
208.7803847971253 1
209.8108684023388 1
209.8348688165856 1
209.8784862748388 1
209.90934471044608 1
209.96773309986227 1
209.96866918615748 1
210.02868571626024 1
211.09348692293332 1
211.58309995865773 1
212.0134047767316 1
212.46548256150032 1
213.1586512352088 1
213.5976361309763 1
214.0787987346428 1
214.31122435104973 1
214.7902674981967 1
215.02979109143624 1
215.70144353149635 1
216.729297504949 1
217.12853619383847 1
217.2008292677469 1
217.21097134302812 1
217.56849859850385 1
217.9559280623061 1
218.5840936952005 1
219.4479085375089 1
219.75397411925664 1
221.0683965285496 1
221.12533703360629 1
223.32168728182907 1
223.4835861573051 1
224.5907474635116 1
224.90757594412835 1
225.4372641147796 1
225.6732750149196 1
226.14002855208972 1
226.6978029597628 1
226.7131267648234 1
227.6336195260904 1
227.6785195195095 1
227.8684289720697 1
227.8973907117025 1
229.19453715315368 1
230.54880916195788 1
230.6817014342133 1
230.7726351602084 1
230.9789030751455 1
231.1310955866437 1
231.21233986429743 1
231.230939362876 1
231.4516595673673 1
232.81323989038864 1
232.90474903746787 1
233.1153697386757 1
233.6700204106884 1
233.94665609813373 1
234.23179219997377 1
234.9027105733412 1
235.82898150882903 1
235.94202381184573 1
236.89993275620964 1
238.16614306607588 1
238.3221715113747 1
238.466632398182 1
238.892946061862 1
239.31521006147435 1
239.4802491120736 1
239.7718764444692 1
239.90703713425816 1
240.94743890581557 1
241.12635305850677 1
241.2739342635172 1
241.2952716592733 1
241.6348486154273 1
241.99859374333803 1
242.06857073538796 1
242.2466573330792 1
243.7582157264613 1
244.75224518756733 1
245.5637707803678 1
247.473063441218 1
248.4706492025484 1
248.75269723041043 1
249.12854914412864 1
249.36566842315003 1
250.5895991287825 1
250.8247603607258 1
251.3454989137183 1
251.4988409380859 1
251.55748742626903 1
251.99638571667757 1
252.00891120669232 1
252.73665971574704 1
254.22433068027448 1
254.34866319720743 1
255.4758620789041 1
256.1336585020811 1
256.70966536816087 1
256.963170975414 1
258.1161767983892 1
258.1365823475608 1
259.99381499932616 1
260.23631580590137 1
260.3678247769923 1
261.62644614920754 1
262.0800963027927 1
262.57929527935823 1
262.7290394730784 1
263.2349873006251 1
263.5990993515415 1
263.88884299301907 1
264.24799910219144 1
264.4482467634739 1
264.7581380123884 1
266.3996450873824 1
266.5824238095417 1
267.1553899253059 1
267.96222263512027 1
268.70967332576646 1
269.5613277214852 1
270.3909816415291 1
270.56748807506483 1
270.7616300895716 1
270.9508125119765 1
271.20853288868045 1
271.4026165774571 1
271.88467406749805 1
272.1016529676616 1
272.9453689310606 1
273.13843513125306 1
274.1657565117794 1
274.30228130946927 1
274.943019856034 1
275.0144259628419 1
276.7141075793026 1
277.30003124117286 1
277.6210937105471 1
279.2273574179376 1
279.7451708251973 1
281.0285322431501 1
281.2362835550039 1
281.8501642031842 1
282.8974875023913 1
283.5668869860346 1
285.4484896895185 1
285.6270449395746 1
287.1080335000706 1
287.3637637587685 1
288.1832568922537 1
288.2138969048602 1
288.4469406664538 1
288.6453924752111 1
289.065941824746 1
290.3015813018873 1
294.18504857001307 1
295.6422825393506 1
295.89447637680433 1
298.8620659963128 1
299.0649435251672 1
299.26222296835857 1
299.89516784731734 1
300.74591700565634 1
302.72361566767216 1
303.155118021511 1
303.17110282171507 1
303.518873341414 1
305.6690816957547 1
305.8777084769273 1
305.88257231231734 1
307.4921715021883 1
310.3265537260769 1
310.96827777717533 1
311.2269490030457 1
312.39208624495353 1
313.32539306762624 1
313.3477062253328 1
314.3936731117543 1
316.5096463144939 1
317.5605513320384 1
318.845685503569 1
319.40061656807336 1
319.52751265350327 1
320.79025634088083 1
322.96639820570954 1
324.08448315948255 1
324.75324398796243 1
326.9421233842922 1
327.260752671638 1
328.2260401995852 1
328.2562890385114 1
329.7713615150695 1
331.2587787227702 1
332.73571044271654 1
332.79229385286345 1
333.3772094557999 1
333.6128421585215 1
333.73867179429465 1
334.36943072802643 1
334.74148087582813 1
335.44755280761154 1
335.6483426976196 1
339.68313877971974 1
341.3137522726654 1
341.94748197040064 1
345.5256423785919 1
345.6614220693592 1
346.75674749432886 1
347.572452401711 1
348.58428510298063 1
351.55489475603656 1
352.0078802892082 1
352.3505191477437 1
352.5036388994494 1
352.723378040121 1
353.2426411861074 1
353.295333670662 1
354.4334032898248 1
354.6422278775423 1
355.05024663987507 1
355.2533130150762 1
355.8690572279198 1
356.6043375211713 1
356.9112583018573 1
358.6689849667096 1
359.88796376617574 1
360.9727048466341 1
361.8461065615409 1
362.2062677036379 1
362.693802644969 1
363.30707456790776 1
364.2986147333907 1
364.4196096244565 1
367.38316379697767 1
368.0444503547405 1
368.79794681829696 1
368.8327303661978 1
368.8686158679198 1
370.3385017991016 1
371.7222042917765 1
374.4580486780937 1
376.4292232590627 1
379.28621098832855 1
379.5765771310421 1
379.74240261543423 1
379.7836171092898 1
379.9953957833262 1
384.3994997811839 1
385.7831971108413 1
385.7998673799748 1
385.8868369838327 1
389.74931526634 1
390.15967182933065 1
390.2984664161447 1
392.735495228754 1
396.8950218202372 1
398.2720620252347 1
402.5667734689329 1
402.676931112526 1
403.7971873956279 1
404.951422814612 1
406.7812691644149 1
407.5179610824181 1
408.5087824011005 1
410.34790194435095 1
412.5384544373484 1
412.8017663170608 1
418.0866405540796 1
418.638398815338 1
418.817012956286 1
421.117033518873 1
422.3590575644333 1
423.1164064866416 1
423.7669892260783 1
427.1545448167837 1
428.20918768989424 1
428.98618271060633 1
434.2645312311273 1
435.9220520592938 1
439.7665873326244 1
442.2152111507656 1
443.3160374561554 1
444.0429253939966 1
445.1969253429053 1
448.0608523147756 1
448.1187101861628 1
448.3834282357148 1
448.6515538521802 1
452.28928378829227 1
459.2385907227799 1
459.8002492277937 1
460.77930932118926 1
463.6363776973817 1
463.790062132471 1
465.38800073954513 1
468.5532061174158 1
472.932914943127 1
473.0827263268151 1
475.7137372081013 1
476.16295859183714 1
476.8989982981569 1
479.2476049353492 1
481.4309374915815 1
484.3941571815977 1
484.4775813568818 1
485.78020378322594 1
486.28048935776246 1
489.3173162792804 1
489.52315555276107 1
490.6855918400159 1
491.3102215604285 1
491.6038758758799 1
499.97213932284734 1
502.9137207994384 1
503.10935010641225 1
503.8384129410861 1
503.8629517097079 1
504.5669747424853 1
507.049311357808 1
511.0014337320429 1
511.6783238604736 1
514.7214172078998 1
514.7615374792373 1
515.1474962042655 1
516.4517773979142 1
523.8565858108759 1
530.0075268339018 1
533.1977977016251 1
535.7092560947161 1
537.3668871485046 1
540.3792185841279 1
542.0462745008195 1
546.4767882761828 1
546.5815700465366 1
547.2096137751324 1
548.9290212606337 1
553.2757339376251 1
554.2689886444377 1
555.6070632253866 1
556.8250089456814 1
559.5208598925904 1
563.6914821333681 1
563.842767615163 1
565.0048236282729 1
565.3415315091005 1
568.124051100603 1
570.8855022934073 1
571.7599265036546 1
572.5991161813935 1
577.115832348036 1
582.5881754725452 1
582.8043870837184 1
586.4819862478997 1
588.1578608035775 1
588.6766172911202 1
589.5304133720432 1
593.5496334952193 1
594.6652178355021 1
595.7616155402144 1
597.3150347822772 1
600.6933253170331 1
601.2300752809272 1
601.6938507531164 1
606.9667459014755 1
610.2231157006331 1
613.5529315140815 1
614.9681838413304 1
622.0919469822136 1
622.9388589275312 1
623.4217613893076 1
623.4849218245307 1
623.5659861683658 1
631.7766190855341 1
632.4828530195127 1
635.9282134027027 1
638.1685863471711 1
638.4271103556097 1
640.156812878866 1
645.4994871152282 1
647.1264499352495 1
649.0228501807264 1
650.0584494570439 1
650.3930392031635 1
663.802174388555 1
665.0089039019357 1
667.6893478741617 1
672.7520202625166 1
677.1089689528088 1
678.269313050656 1
686.3009063628226 1
691.1187344454596 1
697.0049283113985 1
698.8348692247026 1
700.3552735019581 1
707.6058649386174 1
710.2795214652721 1
710.9504449630163 1
717.1766838549422 1
720.4215861446843 1
728.8623131133514 1
735.4096979438582 1
735.7950066467824 1
736.9172746753358 1
739.0038300937433 1
740.1086503696087 1
750.5096573955843 1
753.7448008129777 1
765.6400262310985 1
766.5821389080886 1
772.1014509186032 1
775.8553828637079 1
782.918969312778 1
786.0266519279296 1
803.7439840697708 1
805.5849163352848 1
806.1424908899679 1
812.3214535830672 1
815.901801877606 1
822.2363055190979 1
823.0359838530945 1
835.5190113887616 1
842.1033618392803 1
846.9309092091273 1
847.7989981641285 1
857.1088454350158 1
862.4489403041784 1
879.4570602656933 1
881.8853937734701 1
886.6577424299868 1
897.2099908234322 1
900.1816731570037 1
905.8423931322048 1
909.02835211029 1
920.781171043857 1
928.2817308967724 1
932.293680421648 1
936.3820937256692 1
940.0682906239684 1
941.6478875557588 1
943.694207500582 1
947.5721813652344 1
961.2637657988104 1
962.9861142225228 1
967.33743283789 1
969.594968017487 1
970.8541522614674 1
988.6177304462256 1
991.4663852995378 1
1006.3031376394498 1
1008.8594643668838 1
1009.169064843714 1
1018.2299549965096 1
1020.2362769343372 1
1028.7928779599858 1
1040.1297513561344 1
1045.4269682273446 1
1071.179378913133 1
1082.0210953343296 1
1110.6347657695314 1
1126.0927325783878 1
1130.0344745379168 1
1132.0412136076454 1
1140.2180631760968 1
1144.335467115974 1
1187.5087027733257 1
1191.774848706836 1
1215.4015288454457 1
1227.0484258410113 1
1236.0512672159446 1
1244.0196928563062 1
1255.2094827639762 1
1255.9832550504311 1
1271.7423271197497 1
1281.7335512356092 1
1282.8490689409095 1
1298.856418685864 1
1311.4153679705717 1
1319.3445538168166 1
1320.6109256638726 1
1325.7880640727565 1
1335.4381019123198 1
1346.2528285259395 1
1357.935584430913 1
1360.3836404098813 1
1361.5762250651417 1
1435.023836623816 1
1450.1832468546854 1
1460.6253650851647 1
1467.767234853899 1
1500.7189167402223 1
1511.020420536413 1
1523.1935530932556 1
1526.4709505184971 1
1571.0901053157222 1
1578.932387441491 1
1591.3981260273963 1
1599.9589226547785 1
1609.3448149310154 1
1619.6890837606752 1
1648.1262780958111 1
1684.4548845140578 1
1708.002038447793 1
1714.7137619704615 1
1719.1916212574872 1
1732.6686991829038 1
1741.476413264549 1
1829.5143021607385 1
1866.7671462506516 1
1872.0696980731557 1
1878.003311690384 1
1907.6772413226645 1
1929.423618976645 1
1957.5004987984028 1
1968.2517299498045 1
1994.0636305859728 1
2040.8111809865256 1
2079.68118894302 1
2175.193468986424 1
2208.103675706798 1
2274.2334104551182 1
2315.7888305074616 1
2345.83919497745 1
2377.33590321035 1
2417.684089374291 1
2440.8006105013446 1
2511.877480635506 1
2522.0600799884155 1
2624.234854094665 1
2647.9975748916986 1
2656.1265994322957 1
2656.5929562809797 1
2657.501508912144 1
2747.3182781310816 1
2908.7673936811525 1
3143.7930240696624 1
3191.3873079650534 1
3242.519190288527 1
3350.008851908949 1
3427.333654185915 1
3432.6617439691054 1
3436.6092859352907 1
3592.730879224237 1
3782.9548399655314 1
3843.999165919389 1
4137.421852410224 1
4362.88565462995 1
4513.584949954459 1
4564.921708064456 1
4714.920748129159 1
4880.647625841224 1
5177.760823851443 1
6611.5150089047365 1
7438.597087755791 1
7692.647180872278 1
7949.220831738905 1
8267.330637938354 1
8576.810021430563 1
8879.601763150697 1
9066.60421590674 1
9217.34327794206 1
11121.742229288811 1
11385.508824035076 1
11671.096014887376 1
12039.08513212628 1
12276.13978419349 1
12317.260397339584 1
12347.40067686302 1
13988.337979132157 1
14349.332072225388 1
15186.816973785748 1
17078.442971348795 1
18514.129420498663 1
18625.59158812912 1
18967.783207846984 1
19540.252585674192 1
21908.10107752673 1
21939.502531722286 1
25955.16068686697 1
26222.68455779635 1
34554.021276357715 1
36745.641329908845 1
57873.69392480589 1
71475.44373639021 1
88613.51709257282 1
250668.6563669635 1
252913.4215348888 1
253962.79608288416 1
254858.6794049591 1
255945.83722063847 1
261315.06917896413 1
262242.9389601238 1
262327.4526220311 1
264300.6590482653 1
266096.5526890213 1
297668.73967001773 1
