1.2540590299908272 1
1.3636301334227297 1
1.5185293945907914 1
1.682228238581983 1
1.790588396080749 1
1.970467879068084 1
1.9790827369406347 1
2.041598296362669 1
2.061695716188193 1
2.123884496223932 1
2.1814489259610474 1
2.215480002756526 1
2.295224941481706 1
2.4178776630821632 1
2.457065409285911 1
2.460047277358733 1
2.532090953306481 1
2.5322111950071875 1
2.5908810243095006 1
2.6055240855956234 1
2.612053903751925 1
2.7667071686724927 1
2.7677352324875466 1
2.799996087946821 1
2.848643090218407 1
2.895100214856978 1
2.925610117449475 1
3.011023039846449 1
3.01202686754329 1
3.085242659517562 1
3.089845862186846 1
3.123516077903415 1
3.129689899844953 1
3.1580843949594737 1
3.1805330692257314 1
3.2466625364840347 1
3.249092917549204 1
3.2895213152899934 1
3.3155968448108672 1
3.367623873820752 1
3.3713669480093773 1
3.412366591554465 1
3.431880550535481 1
3.434214599343839 1
3.4439231781059894 1
3.4726823369187856 1
3.498223773132376 1
3.58755322664267 1
3.615103918846708 1
3.623916288952104 1
3.648306363118748 1
3.6568810622643655 1
3.6741710448410343 1
3.676594824306236 1
3.690184337464592 1
3.693214204048555 1
3.718005476424585 1
3.71956480312798 1
3.748888221350486 1
3.758679617260909 1
3.8256345551281634 1
3.8379390547166703 1
3.853801158089561 1
3.870846664918629 1
3.89126404743562 1
3.891999518332845 1
3.892942461105548 1
3.912525039047473 1
3.9147782120165218 1
3.916316710598146 1
3.93889276065923 1
4.023297392591263 1
4.054534880475084 1
4.065753779493539 1
4.086183866122684 1
4.173342050690277 1
4.175364659629704 1
4.177766367753006 1
4.270460684172699 1
4.288246542424035 1
4.299161022004325 1
4.326433093291755 1
4.332761329186772 1
4.367991712766197 1
4.411053608575478 1
4.427680405936387 1
4.46749996756995 1
4.482745423943462 1
4.496512234506689 1
4.502592174504638 1
4.509518457673386 1
4.564053778000683 1
4.566447144086281 1
4.611438709893612 1
4.629929212685968 1
4.640167083305563 1
4.65578622811547 1
4.661204877454075 1
4.677251999380338 1
4.678148496474638 1
4.69667594492967 1
4.767045100290309 1
4.7691372487635215 1
4.777235456542398 1
4.788257715025877 1
4.794026887754828 1
4.799195307891308 1
4.837010505246686 1
4.83896836312806 1
4.8424282771221865 1
4.84774098086517 1
4.859959885130547 1
4.880546176939259 1
4.915017912011943 1
4.940138956459971 1
4.944581259174192 1
4.957731400244374 1
4.981329812418116 1
5.003562192908169 1
5.013286457915557 1
5.022453087056644 1
5.026689662569781 1
5.0286811950342845 1
5.02994753173969 1
5.03489101848079 1
5.051766862838029 1
5.062456953105388 1
5.083647443792745 1
5.097940170620526 1
5.101744345780246 1
5.136655193076717 1
5.15456801430083 1
5.1957093021098535 1
5.21772360600819 1
5.22064950821623 1
5.220794962486023 1
5.231408183127451 1
5.242659501761181 1
5.245598644122376 1
5.249752546484664 1
5.282012651072514 1
5.317690971802696 1
5.321515788851514 1
5.336354522317437 1
5.359761076477936 1
5.362698354856172 1
5.367644744631881 1
5.3767207063851545 1
5.385954136193178 1
5.386931625666533 1
5.387297857668179 1
5.390273177285606 1
5.392431417920901 1
5.393290110043761 1
5.3984194462650095 1
5.408183112705433 1
5.412876787991461 1
5.418714506076697 1
5.424615718392316 1
5.424889779856884 1
5.42657336870768 1
5.436148033728711 1
5.443592737246195 1
5.451478742116091 1
5.456863976946409 1
5.5297231124093225 1
5.54307342954128 1
5.560346098876768 1
5.566066596716244 1
5.587032618106203 1
5.600911289671951 1
5.617981581297122 1
5.621256525968916 1
5.626621114920448 1
5.642949395380871 1
5.66546424929601 1
5.6683484916761735 1
5.672761080735387 1
5.715297619456921 1
5.716042981864941 1
5.740026156820679 1
5.741229244355065 1
5.7424645730517465 1
5.747314186766082 1
5.778553935475819 1
5.7863463971669455 1
5.799407647045203 1
5.813374318754666 1
5.818685911730638 1
5.861875775560957 1
5.949375140965493 1
5.95295365774166 1
5.957394043557253 1
5.982897858594324 1
5.987304206029783 1
5.994124574825276 1
6.013814397184256 1
6.035318484492628 1
6.037889235069961 1
6.044037059318091 1
6.051266743877603 1
6.0605946828615815 1
6.067120337099905 1
6.068036056235418 1
6.113706318629101 1
6.125021438758045 1
6.151402354058606 1
6.157203999390449 1
6.19822071942898 1
6.20436047357732 1
6.215907959309612 1
6.2284779463181765 1
6.248057623982648 1
6.2912715507788 1
6.316154669014145 1
6.326114555545909 1
6.357375574072578 1
6.361009024061594 1
6.363442140777773 1
6.375317427417345 1
6.380245114251153 1
6.394493322916889 1
6.405152234744769 1
6.4062655215404245 1
6.420019482992449 1
6.420974672559654 1
6.429096765844753 1
6.429772269178499 1
6.460462303294947 1
6.472762421074643 1
6.476257830686399 1
6.483959210960349 1
6.494882984698014 1
6.498203677299125 1
6.511996766178435 1
6.512253446515806 1
6.527540605068891 1
6.553122618497759 1
6.57650198615153 1
6.587236662250487 1
6.599709941677287 1
6.61824629682456 1
6.622223777258872 1
6.630226012389813 1
6.642949759228802 1
6.6540813449078655 1
6.704124350001954 1
6.723832313369334 1
6.724343697795006 1
6.728199064604065 1
6.730682267798841 1
6.748534443542748 1
6.752242990042357 1
6.764380292757341 1
6.77780454588182 1
6.785682578284805 1
6.795864276280979 1
6.796755763891874 1
6.869979801306487 1
6.896342179627856 1
6.921425476689904 1
6.959613093598837 1
6.964443553078834 1
6.968861360983155 1
6.979817378718467 1
7.013491314028865 1
7.019368544978176 1
7.039530229491963 1
7.064111508009909 1
7.089818737201494 1
7.095651607719336 1
7.101130045723745 1
7.102059789452004 1
7.121254778765738 1
7.125645585411519 1
7.180806880798133 1
7.1855396024639 1
7.200387740491419 1
7.202782790039555 1
7.203068982120048 1
7.264438001668742 1
7.289079100846585 1
7.290011106007271 1
7.293120784372927 1
7.305636909014655 1
7.310313809266337 1
7.3149168790646195 1
7.317241393477388 1
7.342459584701479 1
7.3598091074033 1
7.36383365103728 1
7.368764359603275 1
7.382456170664494 1
7.412093612954252 1
7.416523357170995 1
7.417030894618701 1
7.419505569985564 1
7.425701953459781 1
7.426054074406422 1
7.433398399491392 1
7.434186528846359 1
7.434319883118776 1
7.434471954814954 1
7.441523394408406 1
7.456614649395293 1
7.472372462269923 1
7.478709644135795 1
7.481620725449941 1
7.499098478877254 1
7.509463724617198 1
7.528125875839265 1
7.549741425855787 1
7.559827779251957 1
7.576958725698247 1
7.591529379203506 1
7.605217147348936 1
7.623697828864343 1
7.634443747465841 1
7.65641268847645 1
7.671714131995362 1
7.676650455130757 1
7.678194377240459 1
7.714238484784594 1
7.7323182656311165 1
7.736330094061796 1
7.7446984408685 1
7.794408355578727 1
7.833626951093947 1
7.837189123416604 1
7.891541639356105 1
7.901218055076501 1
7.903131958566808 1
7.907746076701305 1
7.939587358537733 1
7.940651681114757 1
7.949061625641881 1
7.989035461479301 1
7.990767271873917 1
7.994442686331619 1
8.022136042903488 1
8.039040390233042 1
8.040033615974922 1
8.097562908907388 1
8.10701522681448 1
8.115783782954402 1
8.126731620406794 1
8.127185908852278 1
8.132131609277367 1
8.178830372395025 1
8.195272115376449 1
8.261650883053349 1
8.273772522565649 1
8.275738448673366 1
8.278066358267353 1
8.279595236283654 1
8.287307114668467 1
8.303023208163756 1
8.305507202098479 1
8.323562006662785 1
8.333785652607753 1
8.335748781663119 1
8.355942989134643 1
8.365188920719016 1
8.366382247712428 1
8.378075124900032 1
8.390409395113258 1
8.393490176246843 1
8.400786294575902 1
8.42652514532373 1
8.465785859603091 1
8.499677879337954 1
8.500404834265575 1
8.50331881169759 1
8.509265589192 1
8.517309391145954 1
8.520798823118222 1
8.525036746411583 1
8.52785793469949 1
8.53530971710743 1
8.598307795442398 1
8.606583007008496 1
8.629637815200464 1
8.667607624501569 1
8.670816795169785 1
8.685989971428306 1
8.690207306167855 1
8.699431382935982 1
8.70748592595321 1
8.708121262693876 1
8.727869386218433 1
8.742711969019206 1
8.742948184619374 1
8.743551811477584 1
8.758115015403252 1
8.792498919493942 1
8.82027741084378 1
8.831489476839643 1
8.83316289101803 1
8.834871383096349 1
8.885153849987395 1
8.888154762891014 1
8.890954051458051 1
8.904689555642461 1
8.915008405699048 1
8.948093939323165 1
8.955596617692503 1
8.958470821619661 1
8.96105126561179 1
8.997371423732053 1
9.01076799222223 1
9.019319985016242 1
9.02275892864627 1
9.026629340668016 1
9.04039923310706 1
9.058965352265064 1
9.074925175629287 1
9.07674489251361 1
9.08956677982272 1
9.090347815499296 1
9.11393749260493 1
9.115223476500695 1
9.13040990149203 1
9.133949726242545 1
9.15739343353354 1
9.158265828242008 1
9.171093660281198 1
9.173220147977784 1
9.193338689324117 1
9.198334493100532 1
9.2127294052088 1
9.219327884854406 1
9.220514408271152 1
9.238796381167946 1
9.2588726693318 1
9.266569962246374 1
9.269001957606518 1
9.276127680334271 1
9.307968744275984 1
9.3130471572879 1
9.327869070683088 1
9.331597885983246 1
9.353888657943138 1
9.358821095006752 1
9.361320900070549 1
9.374385662007148 1
9.391982260429163 1
9.39844683557375 1
9.413215489627124 1
9.4532895604567 1
9.461293297663076 1
9.48075447230387 1
9.51322032428936 1
9.52204841318323 1
9.535967894365488 1
9.540473893281264 1
9.555747881719958 1
9.559664602241504 1
9.575460213689931 1
9.578316034094854 1
9.579950586830194 1
9.624914132631782 1
9.627412368155865 1
9.628383461852778 1
9.65058102948058 1
9.658763874817778 1
9.662211323003396 1
9.663722678778347 1
9.665481952991062 1
9.676375028718518 1
9.682449768230294 1
9.708619451765005 1
9.720095450113094 1
9.734052763131404 1
9.736488181536352 1
9.73794250217612 1
9.77071091587294 1
9.773133407692002 1
9.786987765762596 1
9.826152453086843 1
9.826399019256934 1
9.835361365569613 1
9.83760947323077 1
9.840259134478645 1
9.84122071313871 1
9.851457538084558 1
9.857492118990988 1
9.88584062700824 1
9.89546683882557 1
9.928477107241958 1
9.931196341270018 1
9.93138046581253 1
9.935590743409785 1
9.935707533638777 1
9.943324224028377 1
9.960477109696791 1
9.961824517100077 1
9.97540582962763 1
9.98573481508692 1
10.000777098916933 1
10.00961873733233 1
10.014544210893272 1
10.02218225260921 1
10.024369235154444 1
10.044161017235965 1
10.064594048023736 1
10.127536369354406 1
10.134028622043228 1
10.134087406899424 1
10.140527720475912 1
10.151041584858683 1
10.191600219395786 1
10.1945537681763 1
10.221751210406508 1
10.242182381129764 1
10.24315988939397 1
10.258635068609053 1
10.263832712724614 1
10.274234940569237 1
10.277131937642114 1
10.289879586653289 1
10.299240955572172 1
10.314000289382571 1
10.336416467162897 1
10.385083980455612 1
10.388540500840936 1
10.41598091362737 1
10.42363700357344 1
10.424117454132938 1
10.439866228384249 1
10.451598384454858 1
10.472182203657864 1
10.508339577002593 1
10.533814959811853 1
10.535360173287025 1
10.542487889008358 1
10.544333476921082 1
10.548103848491373 1
10.557232196428409 1
10.578816194441966 1
10.580018264208936 1
10.584815922355686 1
10.585189151233951 1
10.610316502776447 1
10.611231426077625 1
10.620101434802969 1
10.631513495899387 1
10.637474970106364 1
10.67306819558656 1
10.67787987897012 1
10.68222762114414 1
10.683253358207454 1
10.71893255347855 1
10.723416280411715 1
10.736410912818894 1
10.73747894895184 1
10.760550599715224 1
10.764764313551558 1
10.76946237172146 1
10.771460355130932 1
10.779777794053784 1
10.78737693964522 1
10.790832300441496 1
10.800482808820863 1
10.81787811870428 1
10.831598514906831 1
10.85863137235768 1
10.87861831616442 1
10.881975707182038 1
10.91310094482431 1
10.920198544817222 1
10.93947673282608 1
10.942342111473168 1
10.959006632836036 1
10.961166323478563 1
10.96995869170406 1
10.973285016328386 1
10.99196165693482 1
10.99592335288295 1
10.998581663900415 1
11.007490305494931 1
11.016213282324571 1
11.035772120921912 1
11.038027867035092 1
11.03950419540281 1
11.040485216131913 1
11.047476517004208 1
11.059671490638792 1
11.144081605893422 1
11.147714316677192 1
11.156222911925894 1
11.160865990335717 1
11.161948210084002 1
11.167061752630124 1
11.16776946397723 1
11.174361432296232 1
11.175868384088302 1
11.183043393669053 1
11.186604889882824 1
11.19026142329608 1
11.218631486472564 1
11.233193765413318 1
11.237329111647458 1
11.247280935302951 1
11.249219971734258 1
11.257916287951616 1
11.258669771879449 1
11.262187892631983 1
11.262713880155776 1
11.27349258679755 1
11.29010561111771 1
11.297213286182274 1
11.303828529603708 1
11.314867211321488 1
11.323792744310916 1
11.329720804586522 1
11.33063386464167 1
11.342063435855575 1
11.342306323988684 1
11.347475983088112 1
11.35030329086852 1
11.368184665594852 1
11.370905926746667 1
11.376702418158088 1
11.38387703264351 1
11.388292538925244 1
11.411887915626467 1
11.422366340249992 1
11.434877926270074 1
11.442040038467145 1
11.44410274959355 1
11.490271671771833 1
11.528974825653153 1
11.53840365192016 1
11.55045600144033 1
11.553744474596815 1
11.554894251886097 1
11.560598386737803 1
11.605560496701251 1
11.617963338778646 1
11.636316870316582 1
11.638669696625628 1
11.660103809810256 1
11.690471551911047 1
11.716113208043724 1
11.72033669801444 1
11.733528577364648 1
11.741052336940893 1
11.744569106375744 1
11.747842113048904 1
11.752954057271122 1
11.807377603021932 1
11.817294189276442 1
11.827528163771856 1
11.844497208223531 1
11.85607650396464 1
11.85785583512521 1
11.861661620737532 1
11.86556814657172 1
11.87837714885396 1
11.892896631231022 1
11.928584841402184 1
11.956216668745114 1
11.96385576614335 1
11.971651535319443 1
11.977974047736986 1
11.984839711311144 1
12.018094447418814 1
12.030154371276296 1
12.037141765243 1
12.038623261513235 1
12.085575839601296 1
12.09679284269024 1
12.12083569357798 1
12.129753103920311 1
12.141294538531922 1
12.141810712523602 1
12.142942882863776 1
12.155931574425583 1
12.221841087431187 1
12.237406580870289 1
12.242171048896104 1
12.25410371848271 1
12.27358803622466 1
12.304879008338528 1
12.324377784341292 1
12.354113736320006 1
12.374872431824532 1
12.378144779067746 1
12.37935016746295 1
12.38048191890774 1
12.383544475399868 1
12.396291252792574 1
12.397957485388217 1
12.400458689079318 1
12.410934271012886 1
12.419210634742424 1
12.430063774197874 1
12.43881775943722 1
12.442581505172368 1
12.450013366526584 1
12.450945297967944 1
12.4532494516939 1
12.454739812104265 1
12.462124072998629 1
12.465368111640249 1
12.540450652376135 1
12.5549823668674 1
12.577729958330067 1
12.581980782936755 1
12.595636520344232 1
12.597041522390688 1
12.607487083601812 1
12.624406915460932 1
12.62739249485978 1
12.64974090266468 1
12.684988143172143 1
12.68613413268924 1
12.687322126230724 1
12.690024341051878 1
12.699173387213582 1
12.721742684020164 1
12.72686383383975 1
12.739120868493869 1
12.74732601442655 1
12.765860311215532 1
12.772715253551956 1
12.783291162385447 1
12.786521615887391 1
12.789751045914718 1
12.80745176302098 1
12.808686808921458 1
12.831945225190644 1
12.854728131374817 1
12.860915766340415 1
12.883846318821154 1
12.891888356676445 1
12.957043530748695 1
12.964578641311483 1
12.973844205638342 1
12.975765920786213 1
12.989450057880948 1
12.99596679469198 1
13.040601100606972 1
13.060924528477022 1
13.077537613668207 1
13.0835033398534 1
13.084897824776291 1
13.091687556073644 1
13.103782998848049 1
13.11270830770232 1
13.117250449838654 1
13.120982258042874 1
13.127573569940363 1
13.12991720425684 1
13.138577822854746 1
13.141874705601824 1
13.15157194537168 1
13.17274263201865 1
13.18079512067924 1
13.231779283309438 1
13.238584657987005 1
13.251957547561096 1
13.262192471262788 1
13.27328209951791 1
13.278104862101138 1
13.308456641430013 1
13.317447605409765 1
13.335432428232298 1
13.337531279399029 1
13.349204305045198 1
13.368199419686508 1
13.375231091668503 1
13.375820079313591 1
13.376351094930946 1
13.420167002836688 1
13.434222943039543 1
13.464890461920795 1
13.50278748701152 1
13.509660132546104 1
13.567261432368891 1
13.574159330093588 1
13.604390385221892 1
13.620144306502535 1
13.622760733207285 1
13.624128686445562 1
13.625490648517662 1
13.636115138666392 1
13.63840789371888 1
13.654098005286956 1
13.65903278404982 1
13.703534293998947 1
13.723564921509182 1
13.758101060611445 1
13.76207769225951 1
13.76924974912436 1
13.81708028593351 1
13.820011413067128 1
13.831268110463771 1
13.832186811245217 1
13.835506056058955 1
13.846686460165088 1
13.848380695882923 1
13.862375084426157 1
13.896383188306826 1
13.901347098403994 1
13.90360392043218 1
13.911689920539215 1
13.913421057923635 1
13.916386404953125 1
13.92739398195937 1
13.940583764576903 1
13.94766509050226 1
13.954218565642762 1
13.95691526723614 1
13.958868330562478 1
13.972373889025956 1
13.975781462799596 1
13.985030337035507 1
13.99712379440244 1
14.012460389990316 1
14.01362654616316 1
14.076910346542032 1
14.079057404184516 1
14.09707811147885 1
14.117592243926264 1
14.12895406876882 1
14.129341412625232 1
14.13849837224253 1
14.154786123052514 1
14.15670031489976 1
14.167687081021992 1
14.169650097176346 1
14.174722701766306 1
14.195996569100634 1
14.196429511282922 1
14.227921523419791 1
14.228970384549914 1
14.255910657098344 1
14.262276213078444 1
14.270609505572068 1
14.276591024514593 1
14.282308941780382 1
14.31661041581074 1
14.31881192613556 1
14.3197588343694 1
14.321605547340308 1
14.336277940932112 1
14.370197704703774 1
14.37061975738501 1
14.373453934026715 1
14.381559575970222 1
14.396868544616025 1
14.401005485659116 1
14.41387401797236 1
14.420198934192042 1
14.437274129251644 1
14.44038611309858 1
14.462014803844385 1
14.482157337159842 1
14.486901402644564 1
14.491492366977823 1
14.509907535305974 1
14.525182849120323 1
14.53185180127921 1
14.546236046889424 1
14.547001590734183 1
14.56958168383595 1
14.591316455401593 1
14.597745083320383 1
14.600883519515024 1
14.602110225489584 1
14.614974300812152 1
14.64704066944648 1
14.665280891463835 1
14.6714710452657 1
14.67421970384706 1
14.758273596927722 1
14.76329362128287 1
14.763784400201011 1
14.791252814676422 1
14.793603330353974 1
14.800690938331424 1
14.803160395894926 1
14.816304809059824 1
14.818205695959556 1
14.819383988602564 1
14.864444691116832 1
14.868603131192572 1
14.87607654164106 1
14.882244898531242 1
14.884869811944252 1
14.910137919679132 1
14.92197876773511 1
14.930584297671256 1
14.96465873639369 1
14.97311853491099 1
14.981092403847049 1
14.98265370937976 1
15.01507368937746 1
15.015155949273444 1
15.018096187045485 1
15.041246304187917 1
15.078506030844506 1
15.114520329897196 1
15.12210789075548 1
15.139898929997797 1
15.16527518308573 1
15.178873630766542 1
15.185952870170585 1
15.192315828697335 1
15.226848449343825 1
15.228099469359211 1
15.231104569130649 1
15.258580365194517 1
15.267220993779866 1
15.272099227638872 1
15.274510984073684 1
15.292354203009006 1
15.295711322307737 1
15.299516929472556 1
15.30357597855503 1
15.310216058592228 1
15.313634559781168 1
15.326394283174482 1
15.327867712487102 1
15.331890811944069 1
15.338206922100076 1
15.34963535560208 1
15.351380465643102 1
15.351922266219066 1
15.374745238144753 1
15.381201941260558 1
15.384395199046498 1
15.41950657803948 1
15.424168782581896 1
15.442382646940374 1
15.447941043941784 1
15.456982073053997 1
15.48144225985668 1
15.484022971348455 1
15.485615198866666 1
15.49635220512938 1
15.510921107840211 1
15.5209408818951 1
15.5289479367612 1
15.548142738192812 1
15.550571864120633 1
15.5533762331849 1
15.55721284162564 1
15.569700290951957 1
15.572098599032824 1
15.598691542975692 1
15.615734379708314 1
15.666088178938672 1
15.671256669796614 1
15.678018395019942 1
15.712407687473071 1
15.728636155989935 1
15.734615095898176 1
15.747581537860675 1
15.755394253536942 1
15.763188722169964 1
15.771101186623309 1
15.789440881527463 1
15.802389411565311 1
15.823210880214935 1
15.831232169696548 1
15.861722014165132 1
15.866828167058497 1
15.928314315862313 1
15.948985649933569 1
15.956198473280038 1
15.956607882470948 1
15.96463498229278 1
15.971678866228912 1
15.972651755662575 1
15.987452284784451 1
16.022927263248402 1
16.023910283465824 1
16.024237015817782 1
16.058774811881804 1
16.075742380270487 1
16.081416025729215 1
16.102319169181772 1
16.140257994308904 1
16.146412693028687 1
16.151797882407095 1
16.15239345087592 1
16.152776274768964 1
16.206865193815776 1
16.207843840623326 1
16.226927864260546 1
16.23136125898288 1
16.243371717978853 1
16.25498785393241 1
16.262371475479508 1
16.265341705992945 1
16.266188107688365 1
16.26662074811684 1
16.267553333890206 1
16.298209858783636 1
16.325659523691193 1
16.331628964167372 1
16.35449869859365 1
16.360827501325648 1
16.374929462540514 1
16.381136042648755 1
16.389785634626914 1
16.405570120697817 1
16.41009543171339 1
16.432966249047368 1
16.445931440111327 1
16.452076717887834 1
16.452615148099046 1
16.45691430624002 1
16.46030632497904 1
16.463958707491848 1
16.466827302994957 1
16.478691229632606 1
16.488962649885412 1
16.4913141212888 1
16.505065918803403 1
16.528487285418727 1
16.536142898951113 1
16.53835873745414 1
16.550273114254278 1
16.566838707293936 1
16.568722880485655 1
16.58706043420513 1
16.590881360832363 1
16.599246105046525 1
16.60115633033776 1
16.61488266831087 1
16.62116581507637 1
16.63957152074665 1
16.651487610863978 1
16.65605114091662 1
16.66001252932633 1
16.668472057644955 1
16.672395101600795 1
16.697439075387727 1
16.70755768071101 1
16.710703369462898 1
16.73745498804516 1
16.74767669688131 1
16.777957869552633 1
16.812026349308486 1
16.81560992215127 1
16.818582930438282 1
16.85929465230889 1
16.862751039847613 1
16.870952482868645 1
16.915452164410848 1
16.916041395977643 1
16.93547344041564 1
16.941980073521336 1
16.94966070598114 1
16.955088971058487 1
16.963168071754982 1
16.97439502291415 1
16.985391577150438 1
16.999336350351264 1
17.009381419988898 1
17.035013559147266 1
17.043123797508844 1
17.083503036062748 1
17.107702063720094 1
17.111023365872093 1
17.115464250092273 1
17.13211665959918 1
17.1440339832388 1
17.160479355359993 1
17.174237698972554 1
17.176159755017103 1
17.17722033146169 1
17.18332325611447 1
17.190704254215945 1
17.198219343216397 1
17.19904840466205 1
17.21080856568116 1
17.21147785661667 1
17.221799655598808 1
17.226492908733896 1
17.237308794276508 1
17.243637940731023 1
17.261662658672503 1
17.272509258783995 1
17.278068399134664 1
17.281622578347978 1
17.286275532033834 1
17.290273814844653 1
17.31744864527735 1
17.356558523428223 1
17.365687579306655 1
17.370654257957746 1
17.378021628573343 1
17.380454347178997 1
17.387589844198576 1
17.40322155033386 1
17.406214641527367 1
17.45619377704694 1
17.47168141133889 1
17.486478294863428 1
17.50841775489734 1
17.510982156339622 1
17.527807346350087 1
17.561983601710658 1
17.585991735541004 1
17.592980405724663 1
17.615368740962758 1
17.621782789858816 1
17.626965020344915 1
17.651854913768933 1
17.671506002948426 1
17.68663017039104 1
17.690412023413632 1
17.694424155272475 1
17.717916623924395 1
17.728131075803674 1
17.73798276049636 1
17.74569734483985 1
17.749294018793176 1
17.756173094825943 1
17.76706245759663 1
17.777749456708744 1
17.806185037613616 1
17.838077940108697 1
17.84917839329494 1
17.852035825959412 1
17.879766249051187 1
17.880272581946027 1
17.89220381663519 1
17.91843884002891 1
17.923781994392744 1
17.929411011701923 1
17.97927276305953 1
18.063865039944776 1
18.06772016358106 1
18.079115648608585 1
18.113741652489757 1
18.13433197464409 1
18.180779093313276 1
18.188635718499363 1
18.21073639036313 1
18.2220093103588 1
18.229400554094152 1
18.23118047240498 1
18.23361376683483 1
18.26877267908617 1
18.27495609266848 1
18.29130317215772 1
18.302059484455388 1
18.318444599106847 1
18.32063097585782 1
18.34088762720507 1
18.34524865274429 1
18.360390423634623 1
18.39166017481489 1
18.423421354292504 1
18.43817615982097 1
18.447441324608185 1
18.45161313785036 1
18.490924458243484 1
18.495281186065192 1
18.49779107612829 1
18.547944890870376 1
18.54886657713689 1
18.55518314577565 1
18.581581191974127 1
18.59862692359782 1
18.60321080653279 1
18.62304784191142 1
18.65213270324762 1
18.656439489852243 1
18.66843092524988 1
18.71078696950888 1
18.719767154577287 1
18.74678490830882 1
18.767313393025592 1
18.780560811524104 1
18.782860345489787 1
18.800033923809803 1
18.82760134566753 1
18.8372462265524 1
18.876680795544942 1
18.886541327333838 1
18.92592780045369 1
18.92982746570503 1
18.935796725441573 1
18.94425401023728 1
18.96092374098875 1
18.979542320798117 1
19.01835288757704 1
19.02865085365744 1
19.0486790450053 1
19.05047537058117 1
19.05139391635216 1
19.05835426036705 1
19.076006732135177 1
19.12507865749937 1
19.12864247658425 1
19.146816402929705 1
19.18632912219739 1
19.19966527678561 1
19.203560955606903 1
19.232458936489344 1
19.237116413278255 1
19.248440047064918 1
19.27536364131513 1
19.27620818044348 1
19.286776208411045 1
19.308931664079346 1
19.33438141630198 1
19.36482096495989 1
19.395482696581933 1
19.46705709612889 1
19.475510303514 1
19.478634215545267 1
19.481723988664776 1
19.483065235333395 1
19.5024533020062 1
19.53410012005457 1
19.54935566024532 1
19.553259810285773 1
19.555379711078984 1
19.583298587797007 1
19.60007447840565 1
19.624609286632765 1
19.639917358918115 1
19.64634346656964 1
19.672442346164125 1
19.70405448550844 1
19.710951679997635 1
19.71533605328043 1
19.73703858993933 1
19.74727808344586 1
19.781976033861035 1
19.78951868918032 1
19.794394453602397 1
19.81262653425705 1
19.84332442835511 1
19.854319156714563 1
19.865208719004755 1
19.865609927809203 1
19.87257859779518 1
19.892287562128423 1
19.89585739887192 1
19.900746057413016 1
19.918002132857005 1
19.92322543310847 1
19.925093392840846 1
19.94643030577489 1
19.97354217009357 1
19.977409725863243 1
20.006379224971575 1
20.010278907780236 1
20.012820467064262 1
20.01792746029293 1
20.04161122316816 1
20.04887188110452 1
20.053782662826244 1
20.08515404670226 1
20.09033254856369 1
20.094402317089 1
20.13232845277479 1
20.157008796955484 1
20.15747164107236 1
20.169057315718916 1
20.178241222444647 1
20.1801852626888 1
20.1915229373296 1
20.22814728497575 1
20.287427282817216 1
20.291363580065944 1
20.330611657525537 1
20.33582111538249 1
20.350479341851592 1
20.35145367516858 1
20.374304507505727 1
20.382973407928123 1
20.399891592650743 1
20.459251264105948 1
20.473169773113657 1
20.492131398116125 1
20.49892898031209 1
20.49987592152925 1
20.51495278719581 1
20.519649182697297 1
20.524260999454373 1
20.553835202622786 1
20.5601792359966 1
20.56487827858874 1
20.577823424028864 1
20.592737727280927 1
20.61578345649341 1
20.63262957086524 1
20.65881581356534 1
20.68533968982798 1
20.688084165259152 1
20.695903397981123 1
20.770583830537163 1
20.778077414755703 1
20.78075648856891 1
20.782592922745685 1
20.78959282584539 1
20.79622138066109 1
20.82480747810941 1
20.837401683273 1
20.838959779813536 1
20.84716337458652 1
20.875845613080266 1
20.879241133326428 1
20.88207970073309 1
20.88484244929592 1
20.910147588552967 1
20.910489439743998 1
20.91862383015437 1
20.92244725080893 1
20.93677560878766 1
20.94014177618602 1
20.963175354507484 1
20.977649484978127 1
21.00841914518379 1
21.009369811820303 1
21.013063768717743 1
21.03460799273576 1
21.05612029276812 1
21.061983359364778 1
21.089313008342288 1
21.11571028382776 1
21.142317535908685 1
21.151516658053588 1
21.154195595242097 1
21.16717409916899 1
21.172650909466864 1
21.18638506194358 1
21.18993185257366 1
21.19394821577209 1
21.19579033643207 1
21.20024657448277 1
21.26185524339498 1
21.278618243295583 1
21.30505091052765 1
21.30601073688048 1
21.30982581102261 1
21.31132699753525 1
21.311705072664665 1
21.321392400927923 1
21.340853928003213 1
21.341857135558428 1
21.35037963273441 1
21.35674612829444 1
21.37196650154674 1
21.395609929788076 1
21.414155725835844 1
21.41593335237912 1
21.424955950969306 1
21.424959488653943 1
21.431694857023032 1
21.445867164019823 1
21.47771454134117 1
21.493857982282677 1
21.494351634062998 1
21.49907687835381 1
21.51492658887787 1
21.517667255759235 1
21.526658306611576 1
21.532669487173724 1
21.541438667018813 1
21.542139964166967 1
21.560252137126263 1
21.579790623438143 1
21.586571862463515 1
21.5977267844232 1
21.59876475441197 1
21.60581987282953 1
21.643999030710297 1
21.652627446479052 1
21.658466425224667 1
21.672738150236015 1
21.674235847978224 1
21.67477330927774 1
21.706896183742156 1
21.71425495296231 1
21.73972452060099 1
21.74275291117693 1
21.759777522293174 1
21.78579018256191 1
21.78668688402807 1
21.79412428892554 1
21.800129470663716 1
21.821090977325 1
21.849075120860988 1
21.850322543967227 1
21.89368226934436 1
21.928871786234 1
21.9622574510431 1
22.00450194856372 1
22.00645179029777 1
22.06009307886189 1
22.06843834920081 1
22.072868773184748 1
22.10369551923028 1
22.110465223994144 1
22.113921980762623 1
22.124104821609297 1
22.1420375266912 1
22.164312991165104 1
22.17116794899221 1
22.174057205918142 1
22.211229472199623 1
22.211679861805948 1
22.22119221128779 1
22.226624502526487 1
22.23050701639368 1
22.234256687144207 1
22.33026580518482 1
22.39647545113854 1
22.39859818470548 1
22.40426472150117 1
22.40737390963912 1
22.412432499691192 1
22.41594301234469 1
22.423454141490023 1
22.43318459503741 1
22.44212435180357 1
22.453446826559794 1
22.456932906921708 1
22.498373558123347 1
22.583642832925392 1
22.607199520716204 1
22.609149693878383 1
22.64880646851246 1
22.665755712654285 1
22.66666612513282 1
22.671207803713497 1
22.70406328691988 1
22.717664097080203 1
22.75126914916674 1
22.76409345758062 1
22.80268942924098 1
22.80564767215729 1
22.822248582650687 1
22.838702132833102 1
22.84264026346988 1
22.86052021759466 1
22.869980881804956 1
22.875457800873708 1
22.8754665433356 1
22.891694767042598 1
22.89566769740529 1
22.928493543701144 1
22.949404841432425 1
22.960835265992397 1
22.96569575731029 1
22.970139557366128 1
22.980077956698597 1
22.99142468043469 1
23.008000968160868 1
23.00804264771573 1
23.01787264626815 1
23.056080753738623 1
23.0566448440396 1
23.056809468836946 1
23.07693727445702 1
23.114602779584068 1
23.12502994167477 1
23.13767031077982 1
23.139058095063564 1
23.17068335243301 1
23.20167217058233 1
23.211885774549007 1
23.223012081457444 1
23.239165242740015 1
23.249758108405803 1
23.282795472753318 1
23.282881240410955 1
23.300539734192657 1
23.305430762841382 1
23.31275137734573 1
23.32177223298199 1
23.355765709830223 1
23.38523362625888 1
23.4106101388942 1
23.41809583784976 1
23.44503965575512 1
23.456236976067338 1
23.45984596290094 1
23.4741895469802 1
23.489540463028945 1
23.50272181711678 1
23.503723425055476 1
23.51108327848495 1
23.52073950779876 1
23.5380135297258 1
23.551663730679547 1
23.56202807138139 1
23.614015724034125 1
23.62002102566948 1
23.65173579886849 1
23.66333774830153 1
23.673422730276243 1
23.677515298472237 1
23.6814100222732 1
23.68306361417412 1
23.683646884638694 1
23.741360234899997 1
23.74373837969804 1
23.77233442402696 1
23.790078101076293 1
23.799021343083528 1
23.80006360898273 1
23.808058485888196 1
23.82134774473997 1
23.82827921301116 1
23.853294489916635 1
23.86626770238236 1
23.871358537572004 1
23.87529903785637 1
23.88388304549916 1
23.909408352486984 1
23.91399322624738 1
23.917238126286662 1
23.960116208632844 1
23.966238735611554 1
23.975207648601987 1
23.987356083924467 1
24.00615197999 1
24.007408945586747 1
24.02926831095813 1
24.030303801071117 1
24.03728894002553 1
24.10265203341921 1
24.10506866446204 1
24.11201129317634 1
24.123591444192257 1
24.136660172937763 1
24.1437627353944 1
24.154381774752373 1
24.23497052005225 1
24.241657682549548 1
24.24460561797813 1
24.24465397789588 1
24.246958530322864 1
24.25532658681565 1
24.268610902850416 1
24.273220601938977 1
24.29464263290089 1
24.312931074566237 1
24.315125560704388 1
24.33054161851059 1
24.371219065775605 1
24.39319622473976 1
24.40036604657466 1
24.425598118423547 1
24.462470766303174 1
24.46801291757624 1
24.48352457737328 1
24.52957383222276 1
24.53657412391233 1
24.540328560278223 1
24.556695209993148 1
24.576127191037735 1
24.57862411540553 1
24.59379399007048 1
24.60980026179372 1
24.649745471878443 1
24.665335720643185 1
24.715122650752683 1
24.72756300290707 1
24.776174280010142 1
24.78945961576565 1
24.800800045396663 1
24.812281704937188 1
24.8129411660675 1
24.820504521111936 1
24.82580618323917 1
24.827921142542426 1
24.844085200262874 1
24.859262803833037 1
24.88776164481354 1
24.89614587097561 1
24.938508922184123 1
24.954038636623206 1
24.954552694892435 1
24.96123701618728 1
25.059219511234687 1
25.09746879874906 1
25.10202068495097 1
25.102983650217634 1
25.103946612907706 1
25.1085698696062 1
25.11178033636665 1
25.15261618917184 1
25.16891056772904 1
25.19535268831993 1
25.19580417061013 1
25.20019335030073 1
25.20133321083512 1
25.207001140438173 1
25.20738775608127 1
25.21230236003223 1
25.23215618217372 1
25.24103337423666 1
25.250689799564704 1
25.27987843956893 1
25.2822666018884 1
25.28431579720276 1
25.285805243685644 1
25.304014024652083 1
25.31697466976909 1
25.33989555781244 1
25.34061845675032 1
25.34573692665069 1
25.366502935916216 1
25.37960429087572 1
25.38140650918683 1
25.389627628498356 1
25.399888612017804 1
25.450411366234505 1
25.460425355370987 1
25.48990542256977 1
25.4915424075895 1
25.49891155463482 1
25.506662032746323 1
25.530786562770917 1
25.557290315420623 1
25.573146331647 1
25.57392329922364 1
25.58083056261925 1
25.584396108226432 1
25.603278775340943 1
25.62182949599128 1
25.669645062869733 1
25.684230636245044 1
25.69133037120361 1
25.693310497210465 1
25.697199766964708 1
25.71247330310105 1
25.716965130723477 1
25.72180354976041 1
25.724999516474224 1
25.728728793787894 1
25.736959124764343 1
25.747250752958564 1
25.764682914877604 1
25.794884560916795 1
25.839125946516408 1
25.84226220464833 1
25.84496258340769 1
25.846004770937476 1
25.8462556667543 1
25.856531077917133 1
25.863766030695604 1
25.86862390775663 1
25.900049968222667 1
25.93283972846305 1
25.94671195478785 1
25.948904754376443 1
25.96101375002414 1
25.993241757014744 1
26.010656780786444 1
26.019577176640077 1
26.02522594440148 1
26.036876692236724 1
26.050204332446945 1
26.059013983845983 1
26.075550822312238 1
26.099628800798307 1
26.11683644277757 1
26.12972854301586 1
26.13528118395714 1
26.18019423159779 1
26.20783670856717 1
26.235466384580803 1
26.235823393654016 1
26.263037166687567 1
26.264299550551826 1
26.266897102873923 1
26.27274142866013 1
26.28010653901428 1
26.281392629571087 1
26.300041497637764 1
26.30880234720525 1
26.321359039024983 1
26.332618540135854 1
26.33905566644099 1
26.350652710435337 1
26.38881828424231 1
26.39623346702757 1
26.412461713100804 1
26.454279934615908 1
26.476573713151154 1
26.545962785103807 1
26.54813877344622 1
26.56260941892605 1
26.57085323773084 1
26.577122613739963 1
26.6291046922117 1
26.643811151197905 1
26.647253779004995 1
26.65297391658662 1
26.657474975774065 1
26.661084372731327 1
26.683260264190714 1
26.68875260870801 1
26.691215320223048 1
26.69158459295453 1
26.70374612762258 1
26.77395844890133 1
26.787643244746565 1
26.79811343592628 1
26.80192449680003 1
26.820878810853863 1
26.840127251090767 1
26.849177786239903 1
26.860163155958112 1
26.88175238671821 1
26.88992226290009 1
26.914027991262927 1
26.92597761956644 1
26.950993570897555 1
26.989398802177355 1
26.99475670652612 1
27.00238346741043 1
27.024873647561204 1
27.061302009362656 1
27.066810776804743 1
27.06958980365669 1
27.093526789009186 1
27.12206539934039 1
27.124751424187966 1
27.147355401006237 1
27.200639220406565 1
27.2119817503035 1
27.220870003042126 1
27.23550475882649 1
27.26357661034213 1
27.30186198666017 1
27.318691396416888 1
27.3394121016224 1
27.33983484858908 1
27.356312009360487 1
27.358163382420656 1
27.359639644191468 1
27.367930960976175 1
27.388004693922564 1
27.391559258889806 1
27.4274987098228 1
27.433912055102063 1
27.43578247117057 1
27.461963003553688 1
27.4762114549006 1
27.48738323228926 1
27.49777734142098 1
27.50769568398035 1
27.51678752437732 1
27.528019987802555 1
27.542374774236777 1
27.57010052280608 1
27.606551391321517 1
27.626400203018388 1
27.6415597680742 1
27.658280264421983 1
27.66860361818161 1
27.69210269935591 1
27.759526345711095 1
27.76066483242793 1
27.796346704926677 1
27.863119075811845 1
27.87456496827837 1
27.957554403157392 1
27.964192749395643 1
27.967136086602824 1
27.975494940962115 1
27.979887894122875 1
27.983792713426578 1
28.021231880540498 1
28.03735843545218 1
28.06229286084888 1
28.066161263579662 1
28.10831161447807 1
28.11384184623988 1
28.12599335414209 1
28.14285260714444 1
28.173598348420867 1
28.182331645901364 1
28.183572401418942 1
28.197347360190705 1
28.21155777266616 1
28.215604095197303 1
28.22510042209042 1
28.23093245787269 1
28.23200677926562 1
28.23756339597606 1
28.30688676344662 1
28.314641230994557 1
28.37758406207312 1
28.395467056752125 1
28.41336935681452 1
28.42238642495642 1
28.45628177727288 1
28.46188287264938 1
28.478935059839767 1
28.492182641658843 1
28.507213786898426 1
28.54973339120082 1
28.55014642395115 1
28.592945289969546 1
28.593821755015032 1
28.596175377574166 1
28.59786310659916 1
28.60749942794218 1
28.61764479975625 1
28.618298094323496 1
28.658782496781125 1
28.66103260888933 1
28.68510426948285 1
28.73097080297581 1
28.74040514084489 1
28.773259642299333 1
28.79592303746116 1
28.79674299628032 1
28.81035657793524 1
28.838398936275617 1
28.872602383251383 1
28.892525072244634 1
28.915005493488007 1
28.9183633851769 1
28.93933273907377 1
28.948453579643548 1
28.956044625619 1
29.00366293430446 1
29.00366924736844 1
29.01889177917534 1
29.02268137308065 1
29.04402967236807 1
29.07987087927655 1
29.101997743278567 1
29.121268846332004 1
29.13696186677527 1
29.145426004115286 1
29.17776116547687 1
29.18031954094724 1
29.18895231139313 1
29.216996168289647 1
29.25362545888832 1
29.254061911473663 1
29.254884572190218 1
29.27110629048875 1
29.284432071967217 1
29.289428756129983 1
29.293926435550645 1
29.317662458929693 1
29.32938564028851 1
29.344723039687167 1
29.35306550689756 1
29.377460530094822 1
29.381581710186627 1
29.39488223109357 1
29.414321474468597 1
29.44626089274857 1
29.47602846095332 1
29.4806572605157 1
29.50182858006277 1
29.521052073275666 1
29.55491444026505 1
29.566897646683117 1
29.57030668667004 1
29.57210024515224 1
29.575131126241445 1
29.58491054695996 1
29.643339525731584 1
29.651802987789655 1
29.652544689073704 1
29.665410943331235 1
29.684388677285945 1
29.689243053895392 1
29.68976319574318 1
29.722814735417973 1
29.73562677451933 1
29.736389468262622 1
29.7435156583935 1
29.75925637081912 1
29.781657207689214 1
29.782404239847228 1
29.812364151016773 1
29.82302012646597 1
29.84674879594751 1
29.849245088582595 1
29.85340335252212 1
29.879872110972997 1
29.885569240431806 1
29.89223398188809 1
29.91527617402034 1
29.920428526197348 1
29.92917557913956 1
29.943533452416982 1
29.96705093463244 1
29.96812319084771 1
29.986099038812306 1
30.01899446329894 1
30.03184991608106 1
30.0473492409017 1
30.04820784663051 1
30.12037274280882 1
30.137416379170997 1
30.20818223984496 1
30.24165758595834 1
30.267888101851263 1
30.27332339444884 1
30.291058122106964 1
30.295934275848754 1
30.303345909131234 1
30.328383923170325 1
30.41056209613708 1
30.41757539794765 1
30.427297664335335 1
30.427605930065315 1
30.441175505438984 1
30.441555298201305 1
30.46015561707948 1
30.460281211918826 1
30.46556758979616 1
30.468407137449372 1
30.490612200240214 1
30.50901010945726 1
30.564767208452697 1
30.61531817917275 1
30.623065649820656 1
30.66263738625729 1
30.672637994608547 1
30.698943770227107 1
30.70495244481128 1
30.734843018423067 1
30.74922501207625 1
30.756789473475116 1
30.77573285016539 1
30.777195563110308 1
30.785295036701097 1
30.78828000110828 1
30.807147629697173 1
30.811273660271983 1
30.82200084126173 1
30.828485777461303 1
30.841971911837263 1
30.85104801374612 1
30.85453088028784 1
30.854877887383456 1
30.85665483394224 1
30.856903461312285 1
30.876373551570463 1
30.87828347298842 1
30.99379268406668 1
31.012638000853915 1
31.05162497438645 1
31.054052862391615 1
31.055827846586386 1
31.05748880510757 1
31.059837496456836 1
31.078446967262558 1
31.082636537222324 1
31.08594339127109 1
31.15199746293465 1
31.200494893746352 1
31.20635826111861 1
31.26674333305639 1
31.298046945144275 1
31.31195472903813 1
31.321411645408705 1
31.329248080271743 1
31.33902573087771 1
31.373851606063763 1
31.39177913741548 1
31.44273257154764 1
31.46348716344669 1
31.512026117284243 1
31.531908452503966 1
31.53892780849259 1
31.55863113068757 1
31.620823977407817 1
31.66994607010944 1
31.768762860635512 1
31.783676683185572 1
31.793167701863148 1
31.819860311351544 1
31.829853844517277 1
31.838861940907933 1
31.849452905486665 1
31.89185672442169 1
31.899445871735825 1
31.90484249086809 1
31.91251327317033 1
31.92292233791177 1
31.973980691243657 1
31.98112324582391 1
31.9838991693168 1
32.01609989733105 1
32.01999648304978 1
32.02669461333054 1
32.101356610468564 1
32.10157113056019 1
32.119142659871564 1
32.11995116571514 1
32.20734683124732 1
32.2139383585436 1
32.214302202957214 1
32.21806006988032 1
32.218443742851406 1
32.237892089035995 1
32.24393751039807 1
32.25482258845228 1
32.26502881709943 1
32.27700544676821 1
32.292697597863665 1
32.310419904222414 1
32.34034511751717 1
32.357218929943215 1
32.3834848164748 1
32.40054161885421 1
32.42957026747594 1
32.43762553391507 1
32.45625233645994 1
32.45878098044818 1
32.49850655043133 1
32.522025419021816 1
32.52670075062079 1
32.54348054785243 1
32.54790326464224 1
32.55201694291471 1
32.55618320536726 1
32.58487618156594 1
32.61547674244722 1
32.69473063696764 1
32.711387386981755 1
32.71700930273231 1
32.75481090192913 1
32.77694503756199 1
32.814929046008146 1
32.815042651334046 1
32.830612289061854 1
32.83214100528221 1
32.83979600556096 1
32.841379991134346 1
32.879146345805495 1
32.91073720653386 1
32.91705393496944 1
32.91791990989536 1
32.972557064090935 1
33.05552486559478 1
33.05740846123639 1
33.13314167406422 1
33.14754979808541 1
33.15438812213869 1
33.155923966424595 1
33.190711460992354 1
33.20763515555778 1
33.21287981356412 1
33.24252928186205 1
33.251369225578856 1
33.25519143739505 1
33.31852476322052 1
33.32289880523018 1
33.38318272294319 1
33.398154739670034 1
33.42098419726943 1
33.443719146418225 1
33.47155271598538 1
33.47407424273939 1
33.497295721722736 1
33.518914366349264 1
33.544086698058216 1
33.56263831007036 1
33.6174414896822 1
33.64296482251615 1
33.67389187661571 1
33.7477987966678 1
33.813012313801394 1
33.826316314193946 1
33.82699893923792 1
33.869553523633265 1
33.878015564169395 1
33.8785668111714 1
33.88906418174236 1
33.90958802267902 1
33.92664320638707 1
33.93691126365812 1
33.946123955162044 1
33.99233388538199 1
33.993210820782124 1
34.098044643920346 1
34.11195200403056 1
34.12959968250614 1
34.13148252140806 1
34.16292686861285 1
34.16413569542703 1
34.18253733449915 1
34.194670872551946 1
34.19533342899786 1
34.24512649837645 1
34.246776935099305 1
34.26232140491586 1
34.277455157903184 1
34.28210843883392 1
34.28460532191564 1
34.293514564790655 1
34.33438716330647 1
34.363230557583144 1
34.40112703203035 1
34.41038467919005 1
34.43641000074316 1
34.511123580846785 1
34.57156689605396 1
34.59475874205755 1
34.61047429020197 1
34.61812601218943 1
34.625092615274866 1
34.63371582976679 1
34.68873111998655 1
34.72020711626635 1
34.74148139447912 1
34.76484100052423 1
34.76566297328454 1
34.78993710983007 1
34.84060777411199 1
34.942939480010835 1
34.94454738837871 1
35.0192220326059 1
35.06887069762519 1
35.0990314095428 1
35.10859980628718 1
35.11167564881754 1
35.11564687745493 1
35.12664498538706 1
35.13346872953315 1
35.145777244877536 1
35.169277480002684 1
35.173018726875384 1
35.18064825179903 1
35.18715129117838 1
35.21303054180136 1
35.235306836985224 1
35.23753042318449 1
35.260118515397394 1
35.36181543358852 1
35.432987637603254 1
35.51296671514455 1
35.549029013925555 1
35.56619066770144 1
35.58455558096248 1
35.590358816838005 1
35.60844818727018 1
35.60985346105602 1
35.617076453653866 1
35.629590351952004 1
35.63942130526767 1
35.659985710480385 1
35.67305400875215 1
35.67534465300441 1
35.680312666974665 1
35.738766185070155 1
35.77120055709372 1
35.78434964521156 1
35.785013853031884 1
35.785684565460244 1
35.80750434362539 1
35.9690613542718 1
35.97548988303525 1
36.02322251326647 1
36.074953327490256 1
36.12192591469532 1
36.16160008148231 1
36.17996009370776 1
36.32867270592777 1
36.34144885390256 1
36.34598895242341 1
36.3462502254691 1
36.39173281841563 1
36.460434495576486 1
36.484277676698206 1
36.48859985691617 1
36.49929242835787 1
36.50343782950909 1
36.50652220753466 1
36.52050184703447 1
36.56618631329589 1
36.5874645285728 1
36.61144971162514 1
36.6439785148898 1
36.70425221947089 1
36.75545461674589 1
36.759777780207 1
36.76647531921914 1
36.778481045303614 1
36.78240891775528 1
36.800922180137256 1
36.80599477886608 1
36.81425834393963 1
36.90616567782168 1
36.915564405541375 1
36.94327053445662 1
36.94805377284095 1
36.95758643768757 1
36.98283097370596 1
36.98461722949735 1
36.98883283807192 1
37.04629607443636 1
37.08157079336376 1
37.08914607228338 1
37.09535428746788 1
37.09905259502968 1
37.13419421162275 1
37.14687972770093 1
37.15273792311553 1
37.15277546007615 1
37.17991078139581 1
37.19862764822594 1
37.22209958379492 1
37.26605525303536 1
37.32842772869876 1
37.35772329018482 1
37.37348490905628 1
37.4443726747457 1
37.45181002319541 1
37.46396401000278 1
37.49952436978981 1
37.518912971541454 1
37.54735680035579 1
37.5598816828996 1
37.56911579985529 1
37.57547213478426 1
37.64338140127205 1
37.64905721322 1
37.66354218244432 1
37.6919935039704 1
37.73960817515197 1
37.75193669948714 1
37.77691015604888 1
37.77905063224101 1
37.80996317411719 1
37.8192678981423 1
37.828571622702015 1
37.89277500872104 1
37.896043553332106 1
37.9199678329282 1
37.9204225606908 1
37.93371620111126 1
37.99294590202112 1
37.99573745808503 1
38.05038671508013 1
38.087890252664586 1
38.092778409352384 1
38.107579507194885 1
38.13738448578191 1
38.18177005000225 1
38.27389464806111 1
38.29394282273335 1
38.31768078976096 1
38.32722037031952 1
38.36693694744046 1
38.4192698069254 1
38.42898973770584 1
38.44812616710098 1
38.4851822685006 1
38.485432848112495 1
38.506661181271376 1
38.54785665053077 1
38.57845550919623 1
38.5991290342658 1
38.633232611762764 1
38.65588866259777 1
38.67990363733552 1
38.73896834383481 1
38.75877768133181 1
38.77227343531414 1
38.81734625819574 1
38.86709201049516 1
38.94088671492992 1
38.94975590811888 1
38.99921767093559 1
39.02279776699218 1
39.04288190254493 1
39.07939906067206 1
39.0978710105373 1
39.1382624274021 1
39.21067767051252 1
39.22554441717671 1
39.257069151547626 1
39.26552001193453 1
39.381288555907 1
39.422001177301325 1
39.42798929212006 1
39.47288827301877 1
39.48552469135775 1
39.511881777379415 1
39.58800474138374 1
39.64276490694681 1
39.68368460007077 1
39.69127682657058 1
39.74232762940029 1
39.77308058986495 1
39.86597820344807 1
39.92621369973365 1
39.935664465775965 1
39.964326410618725 1
39.98640991513895 1
39.987117998918016 1
39.99246443098601 1
40.00242086752009 1
40.01524171115169 1
40.01665413479218 1
40.03819699313023 1
40.04566393820484 1
40.07540199770564 1
40.11906069077258 1
40.12770936386582 1
40.12880542253417 1
40.14466109406467 1
40.15512094826956 1
40.19223489397302 1
40.20487797246272 1
40.208404943310136 1
40.21675072925359 1
40.22721645431733 1
40.23588044142252 1
40.28664365142088 1
40.31699839810861 1
40.34036092543813 1
40.34389417262881 1
40.37670073047202 1
40.39651605189918 1
40.41686548423979 1
40.4450238691145 1
40.53234711326844 1
40.55311807822613 1
40.59821926222723 1
40.63607796316988 1
40.65751790091861 1
40.68722305679016 1
40.70552024732568 1
40.70801198246208 1
40.76433661472702 1
40.88674467564077 1
40.90823816741298 1
40.92937499481171 1
40.93012530968632 1
40.94357634606959 1
40.95579727815609 1
41.00196904845834 1
41.00839057859499 1
41.01223716792988 1
41.02844359262891 1
41.0287227468408 1
41.0369090142181 1
41.03955396685336 1
41.057886500131325 1
41.05971214009538 1
41.09629070106827 1
41.15089795404492 1
41.16287905539087 1
41.19530081531469 1
41.23098618564669 1
41.28154276645606 1
41.31286853161408 1
41.32997295148785 1
41.35497921122516 1
41.36183334517558 1
41.37654009067448 1
41.387072113334966 1
41.410396323518725 1
41.4131283426302 1
41.42766155163992 1
41.42958639720865 1
41.4390352125992 1
41.44200865656711 1
41.48225601753806 1
41.48233466745162 1
41.48694131232022 1
41.573587233161504 1
41.5882806652817 1
41.59680588465378 1
41.64907283735656 1
41.66626406898876 1
41.720115927179066 1
41.77330515636929 1
41.7903238300178 1
41.79635544374722 1
41.81728548083929 1
41.85091524214835 1
41.9112808428218 1
41.94421531386591 1
41.9816810392483 1
42.03639620282788 1
42.04018847557404 1
42.05425397299606 1
42.067879809018834 1
42.08441361037755 1
42.10824863219588 1
42.112871909252576 1
42.2036833938783 1
42.22095130770249 1
42.2530005030168 1
42.30291823782744 1
42.36014024390024 1
42.371801736533605 1
42.4012685221556 1
42.43595967062642 1
42.441234538264965 1
42.45834835333732 1
42.48095782707604 1
42.5118027006901 1
42.53141544746066 1
42.59273278757811 1
42.59731090645297 1
42.64092339585186 1
42.64419168631998 1
42.66195664288361 1
42.67146151638604 1
42.69407560724406 1
42.8085985869791 1
42.86809081782776 1
42.87936017569144 1
42.996922742213314 1
43.07593045000954 1
43.08445081661634 1
43.10036885081888 1
43.121501864943 1
43.18775183480086 1
43.19378962360894 1
43.19418484670687 1
43.19525002656233 1
43.22242737790386 1
43.37573757214078 1
43.44565286070299 1
43.451501269588434 1
43.4593683163617 1
43.46387656295908 1
43.47120840756339 1
43.4871359510303 1
43.49720077136049 1
43.51578869897169 1
43.52113317118762 1
43.53311507051642 1
43.56969892654051 1
43.57539361353952 1
43.59845408689558 1
43.60081354000624 1
43.63772174595695 1
43.65459306246472 1
43.689179514630325 1
43.69913082584801 1
43.71333375657608 1
43.73259930552118 1
43.75125125239962 1
43.776687607021564 1
43.827585272478174 1
43.854802879404254 1
43.896308068550965 1
43.93210804115971 1
43.99385257284524 1
44.04401345552001 1
44.07818342178822 1
44.17190472488474 1
44.18517620948458 1
44.19432268029526 1
44.21742542136635 1
44.29316211175804 1
44.30098103539314 1
44.317970177669615 1
44.34778731828814 1
44.449304423363785 1
44.45504387187265 1
44.46225025251562 1
44.471883936395294 1
44.49318525553313 1
44.49324915329961 1
44.53545687424143 1
44.53972213424459 1
44.60046453715721 1
44.61853696143523 1
44.63303058585558 1
44.63838585600448 1
44.64112481743446 1
44.66763714402832 1
44.75163915055169 1
44.76994840629347 1
44.77872139099376 1
44.800590673838485 1
44.84614222003804 1
44.8944752863838 1
44.96279940859887 1
45.00580483680462 1
45.02589003134373 1
45.04306659461097 1
45.076839842045246 1
45.07933471038135 1
45.087052531038246 1
45.175894714889104 1
45.187042752685855 1
45.23143919985687 1
45.23479084728632 1
45.2580067444724 1
45.314529725352685 1
45.32660644797341 1
45.34451685031636 1
45.36465501191148 1
45.377382417625206 1
45.40493392429479 1
45.41273837491942 1
45.46301480512845 1
45.47597737729885 1
45.56230193165847 1
45.57460647677179 1
45.58334014351442 1
45.59590359304291 1
45.65668437111189 1
45.692549693692015 1
45.73464357649525 1
45.80459680611486 1
45.86192598743349 1
45.95587772922832 1
45.97837039978735 1
45.990181563084334 1
46.073487039500414 1
46.10236491534551 1
46.143931865672336 1
46.16632174922287 1
46.19738816644402 1
46.20076886528273 1
46.20595813354412 1
46.20716256082597 1
46.2190854935822 1
46.24322287593716 1
46.26627918658401 1
46.31393454419268 1
46.32330866044889 1
46.3297856389288 1
46.35026440610211 1
46.409914523501946 1
46.41930011667762 1
46.42147650015385 1
46.51984551582001 1
46.528273442746666 1
46.5408083013429 1
46.55473669201725 1
46.69361849474642 1
46.75303681034098 1
46.76641486322682 1
46.77624964866666 1
46.82906902966476 1
46.928707382864864 1
46.96548216457852 1
47.05170610442786 1
47.09263157903843 1
47.11781818577396 1
47.14075250367766 1
47.16546502938808 1
47.22805474014916 1
47.237627350793936 1
47.25883171219096 1
47.26474169053674 1
47.28327353814593 1
47.291850579623485 1
47.31052707436783 1
47.3321137342517 1
47.34658124617167 1
47.37709276703525 1
47.424169881967096 1
47.43383250581632 1
47.521057667118896 1
47.53918960894232 1
47.55662436700232 1
47.61570295343586 1
47.736226080347 1
47.75174250107335 1
47.78227043715824 1
47.81473011948042 1
47.83540083742944 1
47.87060206018125 1
47.88331293218167 1
47.89250067826675 1
47.934128521171736 1
48.00559333160796 1
48.02608181332147 1
48.04334077131044 1
48.05695950589782 1
48.08108018218936 1
48.0835225705104 1
48.105929040311885 1
48.124216985652666 1
48.12584967784007 1
48.132927187176094 1
48.15546694857321 1
48.18182632617362 1
48.18381042055056 1
48.20583621586719 1
48.22752834704143 1
48.27215272810825 1
48.2826364420337 1
48.29942339530355 1
48.379836614020014 1
48.38291140785025 1
48.391868074566425 1
48.42094434100136 1
48.52339506468656 1
48.58706109041722 1
48.58932821286829 1
48.62025328062597 1
48.6222765820456 1
48.64199341779618 1
48.64624253762399 1
48.66587435471795 1
48.76805569400764 1
48.79972761214216 1
48.802833205378576 1
48.81576300440212 1
48.81837377266866 1
48.86161095254465 1
48.86879526630135 1
48.90587024222246 1
48.9712366160125 1
49.0079802663908 1
49.02129229747707 1
49.09528391219841 1
49.12012597718741 1
49.141922078443294 1
49.223440367672765 1
49.30177355875189 1
49.3037473054344 1
49.346985847143486 1
49.37152790184984 1
49.40867056262694 1
49.46977902297144 1
49.489819056234445 1
49.49153999156586 1
49.504767841578335 1
49.62666141790234 1
49.63957045703684 1
49.65608986625789 1
49.68437369189334 1
49.68612858053488 1
49.69196074918716 1
49.70932561830713 1
49.76927251333018 1
49.81334391498928 1
49.82170600966572 1
49.841559392402125 1
49.84724639075333 1
49.85109872834964 1
49.92978686173453 1
49.95628192142967 1
49.980548573073776 1
50.01352960528575 1
50.020203360452406 1
50.03311116528331 1
50.03563312595699 1
50.08773241850749 1
50.14210447984093 1
50.15818577485712 1
50.218895715356815 1
50.25713144675555 1
50.3451822333606 1
50.38804136381648 1
50.39298461809941 1
50.45826942937217 1
50.48982262920026 1
50.49793675022357 1
50.52733308331744 1
50.54013620181096 1
50.59472053410009 1
50.61009368065968 1
50.66506318270107 1
50.71657639116227 1
50.73268688131855 1
50.76823682431807 1
50.80948117153233 1
50.81276714155337 1
50.81544169730873 1
50.89395113190407 1
50.908391746706606 1
50.91306840727205 1
51.01054517314657 1
51.03651083126158 1
51.0515320614901 1
51.08393025742056 1
51.14506388004654 1
51.15464536288319 1
51.2098718506198 1
51.46853193685481 1
51.54458036857804 1
51.54547420466411 1
51.63966105377328 1
51.657739693408345 1
51.766880960000606 1
51.78947925578713 1
51.84759648126707 1
51.86183514041696 1
51.87830834384875 1
51.888099323865966 1
51.8907669579742 1
51.90460047081331 1
51.94790125350482 1
52.00496543359768 1
52.05335444901041 1
52.056055303405714 1
52.1072414038668 1
52.14867214472886 1
52.1816201579906 1
52.19205574749535 1
52.201092737326135 1
52.26481101911524 1
52.269959107364265 1
52.287438913976615 1
52.29511740464131 1
52.34615982448547 1
52.38328340687883 1
52.511399699752495 1
52.52891998062208 1
52.58030544801424 1
52.60406463678273 1
52.63745715214282 1
52.65978833820742 1
52.69704531007528 1
52.71241467332828 1
52.74948028682668 1
52.76380949531539 1
52.82066581168986 1
52.904891838770254 1
52.93897128312652 1
53.004666018166 1
53.00558693317316 1
53.02809020393988 1
53.08964818383341 1
53.093017042679776 1
53.106710835154985 1
53.14077372777847 1
53.29549834052364 1
53.30815092327008 1
53.333610848408846 1
53.3405356997958 1
53.4090877077425 1
53.48819676933877 1
53.49393224468943 1
53.561526937996014 1
53.564046199653 1
53.60969068649866 1
53.62540584833389 1
53.66274991335858 1
53.710456941156885 1
53.71324974634867 1
53.738878972739286 1
53.79701551635923 1
53.80267608243022 1
53.85844666199358 1
53.877665595648736 1
53.89285023718577 1
53.94102796352927 1
53.97688398721098 1
54.00075002881996 1
54.0136151263169 1
54.07057880154304 1
54.074833393356506 1
54.08558347495436 1
54.11305811993408 1
54.17889876940946 1
54.24504131632681 1
54.306120506454256 1
54.323147216014405 1
54.37115331573818 1
54.37252166615253 1
54.38517722035765 1
54.46081967219667 1
54.46145757780911 1
54.51577089678827 1
54.55325161843465 1
54.63830117567476 1
54.71363161423642 1
54.772348992402726 1
54.82064882634742 1
54.85071014510629 1
54.89172520821621 1
54.96575053789982 1
54.997144546888926 1
55.00320664367276 1
55.11377492535827 1
55.12813154648801 1
55.15285124540668 1
55.1648156772205 1
55.24033685138453 1
55.29533606605164 1
55.33105849832991 1
55.34339919450967 1
55.35580703178949 1
55.396043913460325 1
55.43540288763587 1
55.45156015860339 1
55.47865983903775 1
55.52992139713818 1
55.57563229287215 1
55.58547539411976 1
55.59791300940506 1
55.600291718010645 1
55.64583585012 1
55.69884003638244 1
55.76109523167536 1
55.88809080391275 1
55.91144771523928 1
55.97235593478297 1
56.046122439640605 1
56.06503984044758 1
56.074165537911874 1
56.09576281183845 1
56.1618857433963 1
56.29536736749102 1
56.30769034822818 1
56.33952825134694 1
56.349963308651176 1
56.48401603644577 1
56.48737864854319 1
56.57108851314456 1
56.57947525194638 1
56.58402150646457 1
56.58595140769129 1
56.66105870602927 1
56.72846265231127 1
56.73539233363602 1
56.76407017748308 1
56.77957683477 1
56.84425849501177 1
56.89072292923454 1
56.9088555474882 1
56.98217946094527 1
57.12732006750042 1
57.28764651106438 1
57.34832185507823 1
57.36659103149467 1
57.42155057999654 1
57.42429963155678 1
57.43747627748612 1
57.48449864327733 1
57.49013373900405 1
57.497527224089055 1
57.498276131202886 1
57.513128473712754 1
57.58267575153543 1
57.58342871448328 1
57.62806332276174 1
57.62999268310285 1
57.69271305154334 1
57.89425115857728 1
57.925892497939074 1
57.98882538399737 1
58.00712053541044 1
58.00876800225783 1
58.01366323324719 1
58.01875799708923 1
58.02693061086834 1
58.1074748987806 1
58.12002667238892 1
58.293294053232486 1
58.29991518466984 1
58.35106728714555 1
58.35157788443 1
58.38556911711598 1
58.44376625695215 1
58.47301695140387 1
58.51728133933045 1
58.53456931303634 1
58.53669571711221 1
58.63209364989292 1
58.65093233107349 1
58.676869178242406 1
58.6884330368864 1
58.69164615980558 1
58.80073454857848 1
58.85469192376358 1
58.92004057204672 1
58.95641925662296 1
59.010162474361934 1
59.07860211409808 1
59.0819834115522 1
59.17793040399021 1
59.19137961202473 1
59.2458766138765 1
59.32183638593913 1
59.434985318706175 1
59.441556299496135 1
59.44919220228444 1
59.48228601046151 1
59.48253703443424 1
59.559093212354526 1
59.56316826347111 1
59.57300124593228 1
59.5994969259236 1
59.65044534524981 1
59.701215993988185 1
59.7560131344281 1
59.7581038933776 1
59.76376157185106 1
59.79305843424739 1
59.84983281423255 1
59.850449016347966 1
59.851779643743896 1
59.9161075503761 1
59.969865365199176 1
60.15374905487728 1
60.156262800016286 1
60.20162652666524 1
60.29059350672913 1
60.30895700045975 1
60.31577888755521 1
60.35122209400233 1
60.39703504030775 1
60.4122809641439 1
60.41947068174769 1
60.49594701309415 1
60.52038082450221 1
60.58329498834831 1
60.618998302047785 1
60.67539217986416 1
60.777329485908005 1
60.78098047029492 1
60.78576596776886 1
60.799008443753294 1
60.86510665302404 1
60.891730631099385 1
60.95701494775953 1
60.97611898180512 1
61.002655899692655 1
61.01940818030603 1
61.04032093339825 1
61.04314075618291 1
61.08612652679378 1
61.121405273474416 1
61.1511226193626 1
61.18128483349837 1
61.214948709799685 1
61.26143517999285 1
61.27423081617268 1
61.38001741816792 1
61.40448701606137 1
61.40744291670782 1
61.4152898977848 1
61.41866264078734 1
61.42165568439639 1
61.43311454051222 1
61.50943538840334 1
61.51467499336604 1
61.560524800420815 1
61.63798577548275 1
61.72340470340468 1
61.73341611581365 1
61.88151054822237 1
61.978021872004255 1
61.98173536725025 1
61.988564680870574 1
62.0656477856697 1
62.069852480591656 1
62.11131470234466 1
62.183516167354696 1
62.29725203335228 1
62.43062474138999 1
62.44452906053419 1
62.51381317073196 1
62.51721805779844 1
62.51967754554372 1
62.56614222222836 1
62.632685128569854 1
62.75785819772147 1
62.78391501903604 1
62.82483540861319 1
62.87671176767592 1
62.87843289442794 1
62.90277670385945 1
62.95536717533327 1
62.975543735132085 1
62.98021704270195 1
62.98528847359093 1
62.989999193069856 1
63.17129240669681 1
63.19126116234087 1
63.20728234090241 1
63.2295710966062 1
63.25469129344892 1
63.25960250674101 1
63.39004574737147 1
63.40253675493006 1
63.4812736808666 1
63.48320425462122 1
63.528909531113975 1
63.53242380874276 1
63.65850003204405 1
63.66677288688375 1
63.70670224949114 1
63.72146906482316 1
63.74796251499743 1
63.80077233259055 1
64.04472346829613 1
64.07224176331903 1
64.31915585453106 1
64.34847190783842 1
64.37129807702937 1
64.42162822818071 1
64.48420041712286 1
64.5556739057099 1
64.57168303586272 1
64.5845751582916 1
64.5943666997693 1
64.63933579437801 1
64.68514134602772 1
64.76958031266223 1
64.93043928677207 1
64.98009225222422 1
65.01217516136073 1
65.15688199017795 1
65.17938922495462 1
65.1853315753386 1
65.26959885735315 1
65.3241741172036 1
65.43568140324683 1
65.51007974337458 1
65.72699416537606 1
65.730562284493 1
65.75039605397996 1
65.80308736080815 1
65.9231832692635 1
66.05853579423149 1
66.30375091410792 1
66.32840983528212 1
66.38811924346606 1
66.44397887033514 1
66.46696300404275 1
66.52091783151904 1
66.52396353271831 1
66.56650121712971 1
66.60037753366994 1
66.64920372072788 1
66.65004748393457 1
66.69857828717528 1
66.79939297418119 1
66.80607012138212 1
66.81592463351215 1
66.84093102781881 1
66.87342066019869 1
66.94706600737237 1
66.99249602127468 1
67.04688818675152 1
67.21369012228527 1
67.2574430468849 1
67.2659214171049 1
67.26615345700313 1
67.29159325206861 1
67.33856639968681 1
67.48540219113426 1
67.63749609202344 1
67.7119250975995 1
67.7782011522417 1
67.79524859579907 1
67.92432785322309 1
67.97909514156002 1
68.00671050676985 1
68.05080032327689 1
68.07323672292384 1
68.07790826710733 1
68.21263855859654 1
68.21463634903864 1
68.25318284508383 1
68.25637286998925 1
68.34552313833012 1
68.37918108143832 1
68.66467079552008 1
68.72368906748119 1
68.74593355510069 1
68.77859743661838 1
68.83672930116532 1
68.86987174830286 1
68.92788015801348 1
68.99689096164145 1
69.0271270004429 1
69.1030444497194 1
69.14674559514788 1
69.1663783307732 1
69.16855463913012 1
69.35821340002666 1
69.40022840731754 1
69.4054452493502 1
69.41009113891587 1
69.44178379182307 1
69.46739202159829 1
69.48262238898872 1
69.48844917496365 1
69.51291242578837 1
69.57679953926016 1
69.5844220552805 1
69.63395264485501 1
69.7148589452431 1
69.7415552000917 1
69.77744339115996 1
69.88583631115583 1
69.97383189252314 1
69.97597300986916 1
69.9951641952063 1
70.09211112922299 1
70.102767714462 1
70.11697973527586 1
70.1318069098051 1
70.26131058067014 1
70.29314930825583 1
70.29705323553934 1
70.30233057008189 1
70.31538985934813 1
70.4189252089056 1
70.50069804657481 1
70.63277690422419 1
70.68712981216007 1
70.79347188979487 1
70.79397388544248 1
70.82933459889995 1
70.8369558857004 1
71.02601126586798 1
71.04351490342091 1
71.05751275621098 1
71.06164264450832 1
71.13518643323165 1
71.15399581260637 1
71.20440988544276 1
71.21960060001885 1
71.27891636818194 1
71.29517941451547 1
71.36061147248489 1
71.39466242258203 1
71.44796311676296 1
71.5363495957374 1
71.58305872046991 1
71.59892298621263 1
71.74913168509126 1
71.75217830326135 1
71.85513142626064 1
71.912128261641 1
71.9215069051258 1
71.9601139555743 1
72.09314751827392 1
72.13368363538056 1
72.1394068170099 1
72.26492128832155 1
72.29686409447375 1
72.52643520975818 1
72.66088393582272 1
72.71549881400573 1
72.7550348624304 1
72.75819123687532 1
72.7634914031765 1
72.84074282331979 1
72.86379786511453 1
72.88280131452784 1
72.93755400407505 1
72.94445265985279 1
73.12008446883942 1
73.24925740408375 1
73.40451193173439 1
73.42494605237542 1
73.44548342478801 1
73.65516621154727 1
73.65666707119907 1
73.73594425915718 1
73.77721944351104 1
73.93456951797052 1
74.01927809507089 1
74.02186182064946 1
74.14755878945988 1
74.19073656042819 1
74.36876782991611 1
74.40311731528043 1
74.48633780664404 1
74.64227120688992 1
74.65024209114156 1
74.71269216347775 1
74.83089916007478 1
74.89344809296432 1
74.95658951470607 1
75.0032455829776 1
75.20601111207694 1
75.27564808695556 1
75.47794329302684 1
75.48141328608762 1
75.52677612131787 1
75.55211456101927 1
75.56093529593232 1
75.59942258807925 1
75.79690852651088 1
75.80736820058607 1
75.8402564018449 1
75.9959746910106 1
76.18713236324493 1
76.27541388034615 1
76.39484357821861 1
76.53763216968714 1
76.55314766496573 1
76.59914086785672 1
76.60522324984674 1
76.60757743770536 1
76.66266034091487 1
76.66355144100605 1
76.80687161258706 1
76.95191451804511 1
77.04551512423366 1
77.05136682952846 1
77.07221742918048 1
77.18906207749292 1
77.42896298465 1
77.56308994153976 1
77.5645920492413 1
77.73302599932778 1
77.84069816418463 1
77.84745324491342 1
77.85509405565212 1
77.90797492369926 1
77.92742229047596 1
77.98979978751748 1
78.07591156688656 1
78.1559245370046 1
78.27387350588984 1
78.34663818261413 1
78.35630723365394 1
78.37099036503291 1
78.42397957097904 1
78.47694621949951 1
78.56803138142811 1
78.58750830926378 1
78.86442785488532 1
78.8798573484241 1
78.88922928039823 1
78.91810672150748 1
78.98078994614136 1
78.98967567732912 1
79.12716407838982 1
79.13456491132186 1
79.15366270653018 1
79.30044394189896 1
79.34256227218675 1
79.40875548577209 1
79.56766932852302 1
79.93516920288221 1
79.98073206464598 1
80.01941580005492 1
80.1112271729217 1
80.1476018422945 1
80.16336264925181 1
80.17415469527913 1
80.32279408986645 1
80.40985904278483 1
80.42279959112895 1
80.44131139956455 1
80.47054128243694 1
80.51769457296378 1
80.5184811314342 1
80.54404556200524 1
80.57342511020536 1
80.61699702301131 1
80.63020822555897 1
80.6835316142672 1
80.75250022609512 1
80.81320064328266 1
80.82864228403827 1
80.93363430933938 1
81.02103633695754 1
81.16517424860326 1
81.17074889754943 1
81.18172739374576 1
81.21934122259047 1
81.23822934530445 1
81.2741220753082 1
81.30836316816539 1
81.31040503760843 1
81.38718978957192 1
81.42193835317022 1
81.43793970063126 1
81.46590197544546 1
81.51886221093552 1
81.5809664437291 1
81.65218351207317 1
81.67096852437038 1
81.72776728486889 1
81.76103078009605 1
81.7725084030036 1
81.8965970690515 1
81.91522391977074 1
81.91778882234041 1
81.94999018177379 1
82.03806631428239 1
82.07370630183259 1
82.0903483150267 1
82.1948875005493 1
82.29001136546945 1
82.38879411727143 1
82.39712755545332 1
82.41499983105602 1
82.43127623116523 1
82.49946498915476 1
82.59247810993234 1
82.6752470932592 1
82.7661650206478 1
82.78230760561786 1
82.9205190203187 1
82.95619428243894 1
83.01167428800717 1
83.14871909028177 1
83.1706570144712 1
83.17549034920657 1
83.3946202743183 1
83.40298996939866 1
83.41521486428836 1
83.46039068603906 1
83.65245719701808 1
83.67018637317085 1
83.70378723710773 1
83.74412630597584 1
83.75859686606417 1
83.97428339149879 1
84.00680530278524 1
84.00827294876996 1
84.05998714282485 1
84.06888160957611 1
84.25309198332846 1
84.40689200810085 1
84.63993466839621 1
84.68974587906499 1
84.84846831887245 1
84.84914151900064 1
84.90628691147184 1
84.94941208768648 1
84.97999066068171 1
85.02473738237649 1
85.08200537415964 1
85.0821407814764 1
85.09096719406077 1
85.22541514453903 1
85.24446038734806 1
85.48844058632861 1
85.57809764954888 1
85.61595168886593 1
85.62239937329898 1
85.6479509692168 1
85.66074779718275 1
85.6883211645133 1
85.69116816420643 1
85.71368377069112 1
85.80225517818337 1
85.81425619948347 1
85.98650102430281 1
86.02197293208384 1
86.11111071573659 1
86.17687052501913 1
86.3258976967439 1
86.40601415420328 1
86.43150847456333 1
86.55353314306882 1
86.63851750989991 1
86.64864890831237 1
86.88991375252505 1
86.99311257621514 1
87.10139473239764 1
87.14766487095669 1
87.2236232224916 1
87.2490949456106 1
87.31278903311059 1
87.48463475953017 1
87.60425983013462 1
87.62754252216445 1
87.93949373702723 1
87.95800403852797 1
87.98859710692348 1
88.32513201221707 1
88.40402418663909 1
88.58250458837732 1
88.62038785732874 1
88.65282388251674 1
88.73412692416849 1
88.83438090378318 1
88.96858555325899 1
89.14845234647615 1
89.33528201905469 1
89.55831004969065 1
89.6244229941339 1
89.68825674130233 1
89.71095018445686 1
90.13019651128964 1
90.29675864603264 1
90.3137574844164 1
90.35743421168802 1
90.49630993920265 1
90.50458432357816 1
90.61503668793604 1
90.67216570515184 1
90.71914681888776 1
90.85520499852498 1
90.88079173733227 1
90.89120806864554 1
90.9215646053633 1
90.92741227142928 1
90.98321766691468 1
91.02363997737416 1
91.29545024013832 1
91.31048166017584 1
91.3153505843009 1
91.4274577998313 1
91.43160429205466 1
91.4490375176986 1
91.56532834052533 1
91.65859427515151 1
91.66238699121112 1
91.6798627551865 1
91.85845264029976 1
91.97311602057916 1
92.04502699766908 1
92.17338908073222 1
92.34845490955568 1
92.62994129229538 1
92.77973238768637 1
92.83990841803738 1
93.044052254872 1
93.14319777090192 1
93.57991175979956 1
93.65295767819865 1
93.65771709563012 1
93.7485735733528 1
93.908419838453 1
94.1808051211489 1
94.32396846858953 1
94.3410391117086 1
94.5609338192612 1
94.66354970855532 1
94.76272974016264 1
94.88027756776864 1
94.8987517585987 1
95.20941583691982 1
95.23887515758662 1
95.41184786221032 1
95.48337190876816 1
95.56222413740043 1
95.95371559205564 1
96.02043568248982 1
96.02535233323522 1
96.07515601179628 1
96.09924789347886 1
96.1511751766452 1
96.3102932920009 1
96.43847756899989 1
96.47374162025756 1
96.50774667596102 1
96.68257910483425 1
96.69174700950954 1
96.8451825404551 1
96.86760862958909 1
96.90514456666186 1
97.0964399067789 1
97.18861278226234 1
97.31010407913448 1
97.31438319866616 1
97.44488054652813 1
97.47738863497028 1
97.52033885191184 1
97.66601494446512 1
97.83441909807593 1
97.84389914747683 1
97.84602948019536 1
97.85755192040244 1
98.04416136884412 1
98.09318537800802 1
98.25153277028885 1
98.3258565711778 1
98.45472576485062 1
98.54558273967857 1
98.63654790564208 1
98.6592450805888 1
98.7271248998229 1
98.7649159533305 1
98.79213918963411 1
98.93214541206214 1
99.05419285303572 1
99.13172139716396 1
99.25365076753909 1
99.39383977493428 1
99.40598933686591 1
99.46436448762306 1
99.4723525157986 1
99.56591591341136 1
99.62390807801316 1
99.66881136171884 1
99.70526715324674 1
99.75039925932252 1
99.76352505466348 1
99.855567203703 1
100.05838403279417 1
100.067525907385 1
100.19318511813474 1
100.37090515725669 1
100.5827676389054 1
100.71726550521272 1
100.79796080015844 1
100.979416599312 1
101.15339310757702 1
101.2169404164552 1
101.29320157930896 1
101.42560867889208 1
101.4582945172928 1
101.47223776439914 1
101.57634610529372 1
101.6824094729169 1
101.6866389426246 1
101.71772932605612 1
101.76084114626832 1
101.81643971688256 1
101.89923676155732 1
101.91171768743956 1
101.9161491696713 1
101.9445132566308 1
101.97985588026886 1
102.0409457320716 1
102.24241774477318 1
102.24995966143472 1
102.27932549995438 1
102.49121093238988 1
102.69185658685204 1
102.8952766391951 1
102.92173617210062 1
103.1763115871943 1
103.23721657126386 1
103.29091717347735 1
103.37019824141244 1
103.48868999365308 1
103.5029856731425 1
103.6208795621643 1
103.74403065401448 1
103.89593476941565 1
104.10220230445891 1
104.42780809627055 1
104.4966781220494 1
104.52897243922462 1
104.73038792943456 1
104.73376770898447 1
105.02599953510015 1
105.04569124673172 1
105.45733061135832 1
105.46217687519152 1
105.51279134248442 1
105.71209271488505 1
105.794128417388 1
105.82953587688394 1
106.05317063835152 1
106.11641908822538 1
106.18885191459948 1
106.23186811580864 1
106.34154471360408 1
106.69815695292114 1
106.83352408496714 1
106.99934151251122 1
107.04456432489847 1
107.24477752199536 1
107.28215551642936 1
107.34366747730472 1
107.40386717582513 1
107.4653713857606 1
107.5495908459964 1
107.76539392805792 1
107.7875634446177 1
107.8059840832109 1
108.03992490994835 1
108.32982302229448 1
108.3890420084674 1
108.43934274742432 1
108.45372561701052 1
108.6698839977517 1
108.70411402079507 1
108.76547656870102 1
108.79125061570744 1
109.1882085974951 1
109.29067200798872 1
109.346950995832 1
109.75686824564669 1
109.7839537273784 1
109.84601970276604 1
109.88762407634906 1
109.9396320720044 1
109.96161022953063 1
110.4163577937502 1
110.41911169524144 1
110.52353691199632 1
110.79322459618018 1
110.83188666072692 1
110.95529998526489 1
111.0136671830582 1
111.01374688460346 1
111.02136033769762 1
111.10251599897444 1
111.12281881102304 1
111.12852830186374 1
111.37244774301992 1
111.6930372211661 1
111.70356877488636 1
111.71505527612784 1
111.72673082583452 1
111.9538989055899 1
112.02468208421774 1
112.09336921560056 1
112.11142837864938 1
112.12393734012406 1
112.12780386980872 1
112.13981886208592 1
112.3120271430039 1
112.36139182473812 1
112.36718747213 1
112.45718701658892 1
112.59697381676868 1
112.7688283996225 1
112.8586923698342 1
113.08592154174993 1
113.14195975936458 1
113.2621806291218 1
113.28866515526462 1
113.34449177921812 1
113.43240404941707 1
113.5562196670347 1
113.55795955004892 1
113.82440135268064 1
113.82440622737248 1
113.8621917985078 1
113.96564507299748 1
114.05369495905944 1
114.07113633979648 1
114.144255854214 1
114.22658169667436 1
114.2645374072067 1
114.40410326363109 1
114.4133425345324 1
114.50550850976882 1
114.5108968401177 1
114.62921140238822 1
114.7169386790608 1
114.73494504061016 1
114.83651013357893 1
114.87676499560902 1
115.23885655826932 1
115.40330218955816 1
115.43006576055356 1
115.47115845035437 1
115.5340920905244 1
115.77412765422775 1
115.84984608547214 1
116.16632248265016 1
116.32711283631352 1
116.54658011458174 1
116.81501149106327 1
116.83288174427788 1
116.9673446958148 1
116.99935569447946 1
117.07477803114344 1
117.36680705864038 1
117.40634908294848 1
117.47093353995542 1
117.50154891588986 1
117.5623759923621 1
117.5924077336496 1
117.60306320722124 1
117.63084034890753 1
117.67832528199489 1
117.71477443542894 1
117.79192964775496 1
117.79916678876168 1
117.85405976548148 1
117.89602648690668 1
118.25861310455171 1
118.41847579423488 1
118.44377810802236 1
118.56405747987382 1
118.73553727500448 1
119.07623982553882 1
119.50864555855816 1
119.51962078674867 1
119.84226382665926 1
120.06325142011843 1
120.09022572007753 1
120.1897157822555 1
120.45411311516048 1
120.96890982312536 1
121.10467056423602 1
121.17110948392984 1
121.22560740721538 1
121.28596844579522 1
121.36513369407122 1
121.67021153715146 1
121.7207604335573 1
121.78316757341604 1
121.82068251002784 1
122.10715734406764 1
122.11058224207036 1
122.14030105816744 1
122.20448113460368 1
122.4218672281106 1
122.4729929159467 1
122.49722937707016 1
122.6335864416663 1
122.6591690089976 1
122.89027182014378 1
123.09548054470493 1
123.30484950560444 1
123.3825684654579 1
123.5218069299982 1
123.5702092535624 1
123.69088722795294 1
123.73281583120472 1
123.7674577527669 1
124.12591611047498 1
124.19877082777776 1
124.27740821366156 1
125.30854496706375 1
125.47579850277644 1
125.71452217479111 1
125.7437271925526 1
125.7606166021719 1
125.77026309416804 1
125.84626871831657 1
125.99507362582752 1
126.18205223414404 1
126.22374310998455 1
126.38013148220494 1
126.48830343442604 1
126.49266821857204 1
126.5329467735286 1
126.55214803861604 1
126.75035656635944 1
126.9639036490943 1
127.09255054066664 1
127.5470857641405 1
127.72458300298764 1
127.82020974232182 1
128.00443791204094 1
128.1368935061166 1
128.16886003990845 1
128.17334268094604 1
128.24996712798784 1
128.31157074795718 1
128.53676226082308 1
128.53923622598714 1
128.72076876167915 1
128.90652102300993 1
129.0380784241623 1
129.04301272480453 1
129.08499418150478 1
129.16254617437556 1
129.3379099168467 1
129.6546964404519 1
129.9627516844495 1
130.03003950082774 1
130.03631527104886 1
130.20089675929464 1
130.3647342914297 1
130.4064614080133 1
130.7371345292917 1
130.80845768524304 1
130.8216076013451 1
130.84878388415152 1
130.93461478584834 1
130.93483055617517 1
131.14534281880051 1
131.25125010221925 1
131.29609938330665 1
131.36624597279746 1
131.38884590784892 1
131.9469445220298 1
131.95487642975343 1
132.17713575469412 1
132.2699875078797 1
132.3729986976577 1
132.42467617991977 1
132.433230557004 1
132.5049104158899 1
132.68933472843358 1
132.73450989624112 1
132.86823921226443 1
132.9228993201026 1
132.9499882470647 1
133.178244445807 1
133.3405057846398 1
133.38925478132353 1
133.39762387430451 1
133.6660580646033 1
133.6740718954389 1
134.24121011048567 1
134.31932862889414 1
134.4953804625247 1
134.59233979956366 1
134.5955497855613 1
134.718164230833 1
134.81123515284273 1
134.9212813554347 1
135.0954630961242 1
135.25353099683454 1
135.2729384819042 1
135.39538695367364 1
135.63922793033657 1
135.77285407268852 1
135.79367339378115 1
135.9623014622487 1
135.9688624543874 1
136.0098987345542 1
136.18590127849953 1
136.2418282742904 1
136.30847229515675 1
136.37260801253618 1
136.53461073952687 1
136.65741694929926 1
137.09730942323267 1
137.23972717606716 1
137.7874767402215 1
137.83529010189272 1
138.005245209578 1
138.01571304370364 1
138.0979408656514 1
138.13689713206452 1
138.19486272092246 1
138.4541924975003 1
138.6935512892458 1
139.1016448176258 1
139.26008653583094 1
139.42889222667023 1
139.51762572596397 1
139.51802719859762 1
139.63889501744995 1
139.72867510317107 1
140.13337036827113 1
140.28176414315575 1
140.29027321818444 1
140.51556019034564 1
140.6177339126922 1
140.88092908920402 1
140.91524181280056 1
141.03902605228876 1
141.06288476213143 1
141.06511848773442 1
141.35450825463883 1
141.7596109627956 1
141.82276404188545 1
142.14976864119737 1
142.32376832967157 1
142.6018860955366 1
142.75572216479245 1
142.82970625860062 1
142.99701137179034 1
143.34781629084975 1
143.8177684705222 1
143.86934024185632 1
143.90767008800188 1
144.52172031285576 1
144.83542378073437 1
144.93973552840998 1
145.5326669444963 1
145.5358540120591 1
145.7187947729872 1
146.21441345607698 1
146.26214932267965 1
146.337545412603 1
146.44958468875282 1
146.47535925223067 1
146.7057206113138 1
146.8810316294841 1
146.89960310734293 1
146.99130741039815 1
147.24515997933747 1
147.59345871747013 1
147.71496894494487 1
147.74614116975394 1
147.97076831563442 1
148.2628132960682 1
148.35315260458395 1
148.47184244936736 1
148.52667405089687 1
148.59664955757006 1
149.37547226040687 1
149.53790621690922 1
149.81598987469297 1
150.57179370792818 1
150.64017781266872 1
150.77428969693764 1
150.78767270806566 1
150.83269167055624 1
150.9790253131214 1
151.10841898355497 1
151.23073705038195 1
151.37941066386054 1
151.5880003964101 1
151.6123440255498 1
151.83814841310402 1
152.19316044661983 1
152.52625631161754 1
152.55020934122578 1
152.81429457620425 1
153.18262403693825 1
153.76440089204962 1
153.85510977746586 1
153.9996903601914 1
154.35133434039074 1
154.5559683766334 1
154.76970882363403 1
154.93995731302346 1
155.09051717255804 1
155.5898200602083 1
156.38971930817496 1
156.70466335101793 1
156.89740261827234 1
157.07031534517947 1
157.07279874762105 1
157.09543720684266 1
157.46873980289757 1
157.78368107068485 1
157.9935121314053 1
158.13452925121112 1
158.93845764512608 1
159.86299521177494 1
160.0431841855154 1
160.4101438050643 1
160.50110296869394 1
160.5232605059439 1
160.56618625690845 1
160.9556353974903 1
161.0062332565173 1
161.02145058373094 1
161.17836518019766 1
161.26197970626086 1
161.3747786984299 1
161.41114629863225 1
161.6517066071797 1
161.68598650600785 1
161.7438961553383 1
161.78964058791692 1
161.80108298358547 1
162.27215461082352 1
162.73191292077303 1
162.75057563576004 1
162.95831977484076 1
163.2230285997724 1
163.2932433896835 1
163.35305053477117 1
163.578269933219 1
163.68898472350577 1
163.84179229177042 1
163.90670314151535 1
163.93263500563404 1
164.02129149350554 1
164.50222011747678 1
164.91854171591595 1
165.03827246477087 1
165.100674947483 1
165.57248856280756 1
165.5790463000008 1
165.6234612006164 1
166.4921392964396 1
166.72753140013373 1
166.79902305286865 1
167.1284998004302 1
167.38895941505987 1
167.51348225219087 1
167.55973724607747 1
167.62690223346257 1
167.7151046219745 1
167.80360604296013 1
168.43430069049418 1
168.9523336034996 1
169.0760443410188 1
169.39834906127405 1
169.52457103113696 1
169.67737703228678 1
169.70286365798924 1
169.8262279594992 1
170.00832752223872 1
170.46682581582274 1
170.53154225859245 1
170.58266382514316 1
170.77920080613043 1
171.5967809908296 1
171.8032676739561 1
171.86183159973254 1
171.87100996540883 1
172.05854638371108 1
172.27776940814363 1
172.68463425749843 1
172.91488269384735 1
173.16077496130157 1
173.26888846090714 1
173.4183890599429 1
173.89449343104008 1
173.98357160784664 1
174.57941620105777 1
174.58072376789244 1
174.62397242939693 1
174.97368524751502 1
175.72696100782693 1
176.87951624382814 1
176.8896868934575 1
177.36331915368777 1
177.57659036070476 1
177.95478342972058 1
178.27181110885803 1
179.32978308670607 1
179.53818822115784 1
179.70679891961055 1
179.77983161337076 1
179.80251290146137 1
180.44864452780072 1
180.5402292245581 1
181.10507819557185 1
181.61925559886205 1
182.3156738471617 1
182.51591309183937 1
182.73511173244287 1
182.84079662621093 1
183.96274174675395 1
184.26825117509856 1
184.50647321767167 1
184.58501781567145 1
184.75009318774903 1
185.50703317943317 1
186.09438685894156 1
186.12866039036007 1
186.4672702961447 1
186.70283722729675 1
187.0210324615604 1
187.25724694303184 1
187.29242777625163 1
187.6606719158244 1
187.82733733575 1
187.86396171186655 1
188.0948785347267 1
188.8298244211118 1
189.09981082945785 1
189.11536297203116 1
189.8401018272925 1
190.823639174836 1
191.24072840972644 1
191.3999868261695 1
191.48949862026157 1
191.62709558773372 1
191.66579524566416 1
191.84361822099905 1
192.04001362869505 1
192.0952237711392 1
192.27192702332957 1
192.64389332982807 1
192.7956113445777 1
193.0441081218324 1
193.43723850465724 1
193.46426133961327 1
193.8822663218432 1
194.56895073264732 1
194.90007670538023 1
194.95664197603077 1
194.98621111217605 1
196.60695766612704 1
197.41571823893304 1
197.80227936549923 1
197.8314347184698 1
198.01678222315823 1
198.3186807208446 1
198.47202231757936 1
199.36639114635955 1
199.7266658834376 1
199.7512959346208 1
200.25029715809785 1
200.28275056159103 1
200.75748735413623 1
201.21926829972944 1
201.55699335097677 1
201.59837597601935 1
201.606853388687 1
202.2390031940986 1
202.6919088482135 1
202.74826986995623 1
202.78344901369175 1
202.86651481241333 1
202.88482301634835 1
203.11676563593124 1
203.32403732565027 1
203.4589088218873 1
203.5287126767276 1
203.6117985909689 1
203.91412806625996 1
204.19627772333283 1
204.43393595474032 1
204.4741953282505 1
204.6497045482909 1
204.77974963758112 1
205.2182537161079 1
205.3886432355009 1
206.04217410005725 1
206.73074939632775 1
207.3271684841538 1
207.44563557963752 1
207.4856430331141 1
207.6852490465528 1
208.12466654689672 1
208.2676424922968 1
208.7094145945277 1
208.7629537730032 1
209.20137787188253 1
209.6760514065302 1
209.8132717512003 1
209.92648459778565 1
210.564143459887 1
211.1685419808988 1
211.5235476013804 1
211.6351268183025 1
211.69423988647085 1
212.3744776188435 1
212.77740372601065 1
212.80710194243767 1
213.0560912377773 1
213.2174260538957 1
213.8176643707457 1
213.897917554534 1
214.46662766539305 1
214.6502022761292 1
215.1820687348598 1
215.33292928385987 1
215.65931048777284 1
216.2670986120853 1
216.77660682638768 1
216.9822878093113 1
217.33732934352196 1
217.71340657416997 1
217.77189556572972 1
218.0880246754431 1
218.5691582505605 1
218.8468605969965 1
218.90247878190792 1
219.5834849234033 1
219.8584269358585 1
220.00557209455107 1
220.04653591787013 1
220.18778579636188 1
220.38531629125723 1
220.43674803062495 1
220.53882282426548 1
220.65585363512665 1
220.7092244289188 1
221.00567955599263 1
221.10212470858932 1
221.1571106009703 1
221.5519219514718 1
221.64874307333133 1
222.1310564237471 1
222.56294373412808 1
222.97788875253383 1
224.18209056451676 1
224.22280868790975 1
224.57296141885067 1
224.6128713862205 1
224.7936446883622 1
225.01448153002676 1
225.4391313437592 1
225.636495765471 1
226.3197800757003 1
226.761661547812 1
226.96567534363643 1
227.30056744707875 1
227.38417867491657 1
227.78261095586984 1
227.81379426944088 1
228.1712515869793 1
228.72948447261803 1
228.81308608327188 1
229.09865701912292 1
229.8071985929364 1
230.01041288606723 1
230.51645914473693 1
231.69311864854456 1
231.79490436012452 1
232.4536823432596 1
232.5575190985699 1
232.7001867722722 1
232.97202370748064 1
233.3730781692148 1
234.35006654944743 1
234.8481158814269 1
235.10984534526804 1
235.2370939215841 1
235.6625025302884 1
237.0098200886545 1
237.75195507034329 1
238.1022187406581 1
238.59714490314627 1
238.64010226692864 1
238.6414988176504 1
238.91509346766543 1
239.2659261075217 1
240.52734190851064 1
240.9235167575926 1
241.92564252395348 1
242.1162416963731 1
242.21359600408917 1
242.3802500395928 1
242.5645436913553 1
245.3081422777781 1
245.8357030368912 1
245.94130856440972 1
246.47837100960817 1
246.52941541428257 1
248.50758744715716 1
248.6870285076952 1
249.29160084181729 1
250.15531031845964 1
250.3020112133734 1
250.76008923238223 1
251.16520308614363 1
251.3280167432844 1
252.35743044842712 1
253.43528622420135 1
255.33402982175784 1
255.5988536356086 1
257.1061558805648 1
258.9733486166836 1
260.2544359561696 1
261.6467014044181 1
261.7506663776123 1
262.3823732156588 1
262.5615808525065 1
262.591555593242 1
262.7377607003032 1
262.7880660504073 1
263.16045289053 1
263.50762046666085 1
263.8171282102355 1
263.8784257226106 1
264.1468240097462 1
264.9959407727424 1
265.18627167426007 1
265.3462276200958 1
265.5109597705191 1
266.48993854554664 1
266.49226964632254 1
266.8259889743043 1
266.88180577558575 1
267.2419776299876 1
267.609089279549 1
267.7884480675445 1
268.9974736688625 1
269.22966347570014 1
270.10765773714127 1
270.1838929681913 1
270.8113503004796 1
271.57954091047986 1
272.3607735522989 1
272.8993037977774 1
273.3670504184511 1
273.9552985152061 1
274.2088939788732 1
274.5832919100921 1
274.597789057626 1
275.63795430021594 1
276.13062582111587 1
276.68152010447125 1
276.97309068975613 1
277.23005437446983 1
278.40693942146146 1
279.137666116019 1
279.1852851729299 1
279.7223598968476 1
280.193932325712 1
280.6852194973817 1
281.16593262290775 1
281.58845655099475 1
281.6952479506906 1
281.9016772825368 1
281.9316678369117 1
283.9652803531903 1
283.970344761448 1
285.0834343405306 1
285.41944583904615 1
286.00178968609754 1
286.01675127323864 1
287.19495040549845 1
288.53256591882115 1
289.154684454318 1
289.18112928316344 1
289.53012630630457 1
290.4191684373389 1
290.7457700359301 1
290.78006022508947 1
290.837573401229 1
290.90545455085106 1
290.99071568987745 1
291.6983257754094 1
292.33590716562964 1
292.4041086387731 1
292.5432630591883 1
293.68033153569 1
294.1195554341228 1
295.0121432425917 1
295.1791065779982 1
295.2560096960896 1
295.3528054340327 1
295.4123560051326 1
296.23665691957086 1
296.72699258081406 1
297.33698579385265 1
298.460554048928 1
298.58701915661146 1
298.60896382529427 1
298.6386347891062 1
298.9226021678393 1
299.84712671505685 1
299.89081306987083 1
301.00408255614894 1
301.065248172623 1
301.1554333021728 1
301.9953067379033 1
302.61418225489706 1
304.03823238129826 1
306.13875706451444 1
306.26847211968027 1
307.4683684579843 1
308.4197978752371 1
309.9241777843915 1
311.04334882276646 1
311.2029855979686 1
311.2507854876115 1
311.86132710816247 1
312.4780372822736 1
312.5958307215991 1
313.6769565404028 1
314.51318917780696 1
314.6394219599685 1
315.3433010500236 1
316.72803220931775 1
318.13773330614697 1
318.1952346274325 1
318.51086037847875 1
318.82933812561936 1
319.60715343087884 1
319.67664532255463 1
320.1134567048167 1
320.38926774784653 1
321.29601982376323 1
321.75213724656777 1
321.9622759660612 1
322.10620148329883 1
322.5029121609 1
323.05396314946506 1
323.66008299540374 1
323.8522808807243 1
324.68654225227976 1
325.8962521712877 1
327.1147219443127 1
327.1909478036389 1
327.38527256607625 1
328.0994402951189 1
328.12607435433523 1
329.0204730015953 1
329.3185850061164 1
329.4600672364413 1
330.1204083454621 1
332.99195914055525 1
335.0601251582325 1
336.9804168933499 1
337.1018869814253 1
338.0660246027575 1
338.65450802394344 1
338.82597862156865 1
339.1652755245253 1
340.08944832803195 1
341.7997079642568 1
343.2146472423412 1
343.5882131153539 1
344.53577404127725 1
346.18629310216045 1
346.47809646682305 1
347.20012577964565 1
347.55018743016615 1
349.3738555305709 1
351.4623939941439 1
352.28442810126137 1
352.56647884622095 1
352.70871376097915 1
353.3012324143213 1
355.0907061178214 1
356.2511966855764 1
356.60403303130687 1
356.96087108385234 1
357.5025585716056 1
357.5495824185387 1
357.60547008834374 1
358.2680690696685 1
359.0911449241348 1
359.3126654447679 1
359.46510084693045 1
360.6346760950047 1
360.90896422935054 1
361.67280261121147 1
363.7766442233639 1
364.8792323129154 1
365.48552262288223 1
366.6257507210458 1
367.5687048500797 1
367.6177310339704 1
369.09554088630136 1
371.6737575325839 1
372.46238437900325 1
373.3867710512883 1
374.15460040224514 1
375.8051274582977 1
376.66263540671326 1
377.9184879631688 1
378.48486167574 1
378.9036204272606 1
380.7939517310338 1
382.61303831443576 1
385.4484125615084 1
385.7643193054892 1
387.32264398697 1
387.973854390211 1
391.2282779604764 1
392.4601733101186 1
393.2411564782954 1
394.30484791706607 1
394.5171140835008 1
395.5013807188111 1
396.05240018978014 1
397.59338420159 1
398.4486816365739 1
399.0391951089287 1
399.46686557831714 1
400.4844084437702 1
402.7925221094677 1
402.8834631846132 1
403.9669752044226 1
404.5096451951042 1
405.01946758294025 1
405.1094497990377 1
406.4767277354482 1
407.5944860350848 1
407.92831824193735 1
408.3152781317705 1
408.4896133831909 1
410.7507987019347 1
411.7530270749387 1
412.82982975091176 1
412.94590695322745 1
412.9669982560262 1
417.87104070604886 1
419.62296368038375 1
424.1635117035076 1
424.85785205032016 1
424.9978894340921 1
427.33112851393366 1
427.4290069369655 1
427.4947473106772 1
427.9798419316097 1
428.3660227973086 1
428.8042883193076 1
429.6240165534074 1
430.26744224871845 1
433.00897523568113 1
435.4780544476456 1
436.8502091897712 1
437.4919174900567 1
438.0198870396529 1
438.0461130045646 1
441.818231397188 1
442.1873279580602 1
443.8460646037415 1
445.95035644405584 1
449.13100872820814 1
451.0517928902013 1
452.0883758044114 1
453.0196670514373 1
453.5369874746482 1
454.28441159220273 1
455.70945760797406 1
455.7937703389639 1
458.57898158340095 1
463.6239435366121 1
463.7836923354751 1
464.8932159101535 1
465.1779118957869 1
465.3226784183848 1
467.9655331953125 1
468.0471430526363 1
469.8331421040911 1
473.5051567728223 1
478.8316594488981 1
479.5984880101676 1
481.65344473154096 1
482.9554321974436 1
483.4616110373924 1
483.716833192932 1
485.3341793270051 1
488.9541024956375 1
491.1323058122852 1
492.085459640804 1
492.2886722451056 1
494.5731409800234 1
494.5839247616474 1
496.8676172503965 1
497.5211021821687 1
498.1360870642965 1
498.3269753291037 1
502.0529402910802 1
502.14138877102255 1
506.0671731218532 1
507.18252952531856 1
510.7986802429421 1
510.93902481257 1
511.2698325448983 1
512.6869456210334 1
518.0635487591268 1
522.523285267018 1
525.554876220546 1
528.222300130012 1
529.5074856178871 1
531.2780687470256 1
532.7607781349604 1
532.9521701564187 1
535.5135472344293 1
536.3862204601545 1
538.9528101134474 1
540.0999297459078 1
541.2454028034315 1
541.6198653740089 1
541.6469287356263 1
542.0586505011488 1
545.0982673179175 1
545.3538832660333 1
547.6958512362235 1
549.6043418168225 1
551.0393049882467 1
551.1666600961686 1
553.6821232950384 1
554.7354649645004 1
555.4324858397589 1
555.5625123762696 1
557.4363517183438 1
558.4298826706636 1
559.6725280466192 1
560.2274833290456 1
560.244011643361 1
560.3937280232415 1
560.8798451852028 1
565.8244650942679 1
568.5506088101571 1
569.0467259957486 1
571.2208026021311 1
573.5067050499098 1
574.9349237993652 1
578.3906148566125 1
578.9089617264647 1
581.005147257361 1
584.3131048733989 1
584.7322508586773 1
584.752304299517 1
585.1891194095616 1
595.7814793463233 1
597.1624594556191 1
599.7160907914949 1
601.0924690158055 1
601.6841250904239 1
602.6806701585717 1
604.8729258053891 1
605.9944920944653 1
608.8136839681573 1
611.669126617908 1
614.6851206508877 1
616.8218866742793 1
617.3170035357042 1
629.2302982803558 1
631.9554474089101 1
641.6129304785158 1
644.9214116177736 1
647.318878695746 1
652.0638621443767 1
653.0819424673756 1
658.1860300359019 1
664.2109003205777 1
664.5382199132672 1
665.999776977468 1
667.7921398815026 1
669.6613861037955 1
672.7147895761499 1
674.3655174103419 1
680.6252869438545 1
681.4736720200842 1
685.0575272685599 1
687.2831006213848 1
688.7810674171058 1
690.258020524073 1
696.91479730213 1
705.183377673782 1
712.5168768297613 1
715.7894254090522 1
717.694301716943 1
718.0896513535587 1
720.1235813525451 1
726.062547651529 1
727.1234345785781 1
727.1465589785907 1
731.5362381172599 1
733.061124789052 1
735.2150559698284 1
735.9067698101096 1
739.2139477637359 1
746.3507561305642 1
747.4311132796139 1
747.9734622065204 1
754.0343734974275 1
758.5402054819477 1
762.2144374747926 1
762.7564780706174 1
763.1907429786747 1
768.3542425019989 1
769.6114696352643 1
775.1544504630946 1
779.8588748673262 1
780.8933375081831 1
783.2022166029432 1
793.8522007149497 1
794.942419749135 1
804.1787457685977 1
804.9836567249174 1
826.9152566146834 1
829.7631157246036 1
835.1001023010164 1
837.879663695279 1
844.0834731111447 1
850.078282289382 1
850.8709439466812 1
856.1122183232358 1
859.1969428914144 1
860.2588331417902 1
868.1301255523196 1
872.4644162288995 1
875.0627376985633 1
875.4760122837042 1
877.4881311041032 1
887.565241689735 1
892.3655655126854 1
904.2967051780172 1
908.6349970824424 1
909.0843124061396 1
909.530213688588 1
917.252134073272 1
930.0593792833092 1
938.7771960015186 1
950.5804732200752 1
951.34196902893 1
952.2920551213564 1
954.95880452613 1
955.6311404078162 1
961.6768545550816 1
967.6351242333948 1
976.18516292501 1
983.7583956773829 1
992.1050824759694 1
993.6429346718872 1
995.3464136462312 1
1017.2659656235696 1
1018.0558858989629 1
1024.6318960231322 1
1043.7036814912558 1
1047.1849446252063 1
1047.43544893554 1
1054.596308428546 1
1091.245983832271 1
1100.3957189193386 1
1110.2881555111874 1
1116.2800260672916 1
1116.585693878628 1
1122.171967238131 1
1122.5519613589404 1
1124.310439578394 1
1124.655787797676 1
1138.553207843521 1
1140.9334715872285 1
1142.944978086061 1
1158.7687545133992 1
1177.425552367354 1
1209.5952037767545 1
1211.6824649701457 1
1211.9467118972343 1
1218.1239308868808 1
1224.7358058100665 1
1230.4321994392055 1
1231.1130118347032 1
1235.896456678813 1
1240.3832313139471 1
1247.0258063669096 1
1248.8935861304765 1
1252.8294263245702 1
1264.2951223680614 1
1266.8424830933602 1
1303.9843110932798 1
1308.9439719562995 1
1318.8641131046004 1
1329.1795823039745 1
1330.2011499262471 1
1368.507613015202 1
1374.6849679319382 1
1377.833301678558 1
1430.5609863433297 1
1433.9002675602687 1
1435.428708452798 1
1441.4481820621938 1
1467.8654293529942 1
1471.0710156245286 1
1489.39533849795 1
1518.2135208125524 1
1532.3421537139836 1
1556.851781444062 1
1566.789934570852 1
1573.671844566957 1
1589.4234988054425 1
1593.105689838254 1
1595.9982359658245 1
1596.337008978215 1
1610.4197025056358 1
1610.9337861608635 1
1628.3881425211243 1
1629.692262299527 1
1633.9338156106976 1
1663.967610510813 1
1697.4718600567835 1
1723.459207905985 1
1783.7785655525213 1
1792.4490126460717 1
1814.5787865459763 1
1850.5098756030973 1
1852.68040730488 1
1870.3689658566184 1
1875.4188738800704 1
1888.6407666971809 1
1916.1838517456565 1
1922.1699401415908 1
1939.7443827156355 1
1964.1798105997757 1
1971.1108190435737 1
1980.160994216686 1
1980.3670929050631 1
1982.519460130947 1
1996.5745263102608 1
2020.374303450684 1
2040.937600253112 1
2053.0635118765003 1
2066.8169812198544 1
2086.856938261947 1
2090.177985375325 1
2125.9194501669263 1
2132.2087104793354 1
2203.8481780756274 1
2229.034687209391 1
2238.5273142296555 1
2247.561048986754 1
2259.848042382417 1
2328.475133123049 1
2356.345007394496 1
2378.170443675619 1
2414.499833700348 1
2460.139746901627 1
2466.081201340548 1
2471.445902641629 1
2585.2787696805844 1
2594.9892792136807 1
2623.1997865810176 1
2659.921783610662 1
2720.819213491942 1
2755.791088023369 1
2794.624624584179 1
2840.618158364464 1
2841.9652048338216 1
2842.716069118289 1
2874.715766763769 1
3029.023881759484 1
3069.1808303710973 1
3081.979858203674 1
3190.01666002458 1
3190.7011386134222 1
3326.2498457212023 1
3372.73638888714 1
3503.724038019356 1
3608.32223273342 1
3639.942032371736 1
3753.3275009191393 1
3866.7102726255257 1
3948.92567440323 1
4053.545982806931 1
4132.679431894312 1
4203.164421851374 1
4283.852073718952 1
4335.302926603895 1
4400.11168549228 1
4526.21731143832 1
4590.550901103244 1
4817.944721343305 1
5005.933966802305 1
5018.848602743522 1
5476.984107825085 1
5730.253407579136 1
6103.079270710519 1
6577.190980775768 1
6719.038850401673 1
7033.902819604281 1
7218.072551915808 1
7384.115240305493 1
7403.193903963709 1
7912.541282053129 1
8121.374653104118 1
8565.938543098508 1
8702.934803310054 1
9284.850242092629 1
9337.273398520178 1
9365.12800206689 1
10211.856300880512 1
10506.020908782331 1
11204.269772903355 1
11370.219879099564 1
11466.932743987089 1
15010.907526590008 1
20360.897667254245 1
22634.85244200984 1
27171.973758691507 1
27742.33981134154 1
34717.828999261066 1
50022.12781528057 1
81282.69659431254 1
83668.10350897741 1
133047.7521235346 1
177862.66521498314 1
250120.66570941097 1
250595.47450631 1
258178.68248938545 1
258392.13118403289 1
258706.3741527104 1
262209.0763588009 1
263267.3442027782 1
268350.66881134704 1
270089.81756260444 1
295173.3607770911 1
331052.0657071769 1
