0.2113741428991104 1
0.28537189963781295 1
0.33958480193985074 1
0.3568850258902885 1
0.3693401991559617 1
0.373418019476408 1
0.4022786852849371 1
0.4106258361053555 1
0.42478361806848136 1
0.4390098405628374 1
0.4446571775229859 1
0.4514552498673268 1
0.4531930725842142 1
0.4541287955071643 1
0.4718969942659606 1
0.4758355742136136 1
0.4863995105740828 1
0.49483470667831203 1
0.4961336421371987 1
0.5028013365279921 1
0.5029324696725334 1
0.5091447042339043 1
0.5124611183776083 1
0.5137895136519779 1
0.5213399557049563 1
0.5286923193801535 1
0.5292383289977824 1
0.5359148208600356 1
0.5373048107443741 1
0.5386787213763599 1
0.5411744959789447 1
0.5425769311559867 1
0.5495199787556008 1
0.5523125497177621 1
0.5524139924779333 1
0.5536816827752583 1
0.5604606382084398 1
0.5716028584550981 1
0.5780670764385675 1
0.5804955085091732 1
0.5815250515438969 1
0.5848600371823542 1
0.5908154817755339 1
0.5961862472329107 1
0.5996979520341694 1
0.6027897963440453 1
0.6067082275921313 1
0.6173366186558323 1
0.6190300979238612 1
0.6217799836419707 1
0.6247496779348857 1
0.6259063577950283 1
0.6457683812524447 1
0.6468891616502324 1
0.6507693818931746 1
0.6603086144820166 1
0.6706478372061815 1
0.6778312501270752 1
0.6825749834604324 1
0.6828568187425539 1
0.6859529061043901 1
0.6862860221022383 1
0.686330401001962 1
0.6868456938321497 1
0.6871119717169936 1
0.6881560078091895 1
0.6905326358656698 1
0.6985556751775527 1
0.6987129924184844 1
0.7014953608433699 1
0.7034337638567849 1
0.7090568490995087 1
0.7092934908240079 1
0.7118495243534053 1
0.7121603134848556 1
0.7171169469528618 1
0.7173671590603412 1
0.7221481821998481 1
0.7254688056359853 1
0.7283586135492764 1
0.730201054515802 1
0.7314725188134452 1
0.7363171068361747 1
0.7380071451304371 1
0.7386086073304695 1
0.7387350910293088 1
0.7437882970729903 1
0.7525237647477321 1
0.7609812620107379 1
0.7610413598316055 1
0.7613551457863986 1
0.7636492318249839 1
0.7643179726834759 1
0.7649621666478283 1
0.767718399426256 1
0.7679432322803119 1
0.7756488238137965 1
0.777641820356453 1
0.7803187939041959 1
0.7821778203755991 1
0.7825285440041484 1
0.7842185798351256 1
0.7868767610058032 1
0.7882326686742657 1
0.7884127756319284 1
0.7923534443358993 1
0.8039193015201209 1
0.8063470057155074 1
0.8068683353414087 1
0.8084082910926209 1
0.8086906947937832 1
0.809531848552404 1
0.8183700797388399 1
0.8192322524348848 1
0.8224804287391578 1
0.8251371046813061 1
0.8252972928186444 1
0.8259678290191855 1
0.8270003690876259 1
0.8275572310532281 1
0.8276677686160849 1
0.8299805334806021 1
0.8304159020133457 1
0.8348844731067849 1
0.8362769401036034 1
0.8380989312248965 1
0.8383643685119598 1
0.8396514981037239 1
0.8434530495894461 1
0.8472371869458221 1
0.8472579845022171 1
0.8513440585998628 1
0.8513852505112953 1
0.8538550682932978 1
0.8566570165216264 1
0.8572471900926345 1
0.8576488975447953 1
0.8615374602111588 1
0.8622951945221211 1
0.8627738889215524 1
0.8642486849735691 1
0.8645186778108338 1
0.8647445773492306 1
0.8655156146364583 1
0.8662553228525827 1
0.8664081759623901 1
0.8711848831330852 1
0.8724664858831137 1
0.8753634176692223 1
0.8766876881579481 1
0.8775375715633615 1
0.8783717614654418 1
0.8789578510487701 1
0.8821826287250952 1
0.8851798132107537 1
0.8863066133945865 1
0.8894034243170494 1
0.9000762762635122 1
0.9005547461983117 1
0.900720809871833 1
0.9012181174675106 1
0.901940434465368 1
0.9028755897944252 1
0.9029291289771024 1
0.9034131790438136 1
0.9046770437014932 1
0.9068967224297836 1
0.9084273160754996 1
0.9103011305537554 1
0.9109574871939924 1
0.913632189125025 1
0.9153476556577498 1
0.91698900062413 1
0.9173933616365366 1
0.9176822807245596 1
0.9187800204134029 1
0.918875756860984 1
0.9192090982238426 1
0.9239311398662396 1
0.9239839828849508 1
0.927073082461328 1
0.9273529806384456 1
0.92955321216611 1
0.9297070823271686 1
0.9310022235193948 1
0.9334472159971136 1
0.9352913007104442 1
0.9361383881445658 1
0.937463458891952 1
0.9393800657092708 1
0.9427718643556624 1
0.9433474071596863 1
0.951236568330994 1
0.9611362253087802 1
0.9634669511302916 1
0.9638849665656344 1
0.9659836220250348 1
0.9678678765226264 1
0.9731893831405456 1
0.9734291229597078 1
0.9740756800541022 1
0.9770044878970736 1
0.9770203455460608 1
0.9770533291583576 1
0.977446890661546 1
0.9777779650875532 1
0.9782425990318914 1
0.9793801534047344 1
0.9825440732524008 1
0.9868427775619858 1
0.9884751127853282 1
0.9949785682780824 1
0.9958036647030291 1
0.9965565832690276 1
0.9969106904206938 1
0.9971978858323972 1
0.9983253027136668 1
0.9983325795872428 1
0.9987106870021882 1
0.9996857908376628 1
1.0018532432408254 1
1.004243621735308 1
1.0093171202532767 1
1.0093431473859578 1
1.0117000283128974 1
1.0123159281267349 1
1.0149649630715378 1
1.0162609179527524 1
1.0174125809500147 1
1.020572221109529 1
1.0217178264939282 1
1.0228117316002885 1
1.0239729828485604 1
1.0243894208050528 1
1.024515646862599 1
1.0267882784207842 1
1.0283771903314491 1
1.0287009884693592 1
1.029962790862098 1
1.0329025727726229 1
1.037740433278128 1
1.0390255687140617 1
1.0410153674603588 1
1.0417190278270665 1
1.0427747309289523 1
1.0431559274193514 1
1.046270098404124 1
1.047203072861171 1
1.0472551052668924 1
1.0474364375346696 1
1.0493584493640586 1
1.0538538778013198 1
1.0558602278741316 1
1.0575950647890044 1
1.0577514580003302 1
1.058301395306674 1
1.0608015188634359 1
1.0608604019073329 1
1.0650889958647107 1
1.06538518421086 1
1.0654113947198418 1
1.0705789523533142 1
1.0707430255449175 1
1.0710917568340257 1
1.0726667600478537 1
1.0727816315753338 1
1.0729983391670783 1
1.0752076254045355 1
1.0763823257130505 1
1.0769953026160113 1
1.0784901767283477 1
1.0791202124655264 1
1.0791511939882081 1
1.0835081159141586 1
1.0841891157063246 1
1.084779184974053 1
1.0849934101095398 1
1.0871610994896408 1
1.0875158638684992 1
1.0878267425670645 1
1.0896641744857498 1
1.0902475999390877 1
1.0909953941790551 1
1.091238026066505 1
1.0916885281690882 1
1.0925025593435234 1
1.092513238686011 1
1.0943956607082823 1
1.09583855830238 1
1.0966283650752884 1
1.0967384866725154 1
1.1004241054524628 1
1.1039021624171224 1
1.1061763216632594 1
1.1065491256827231 1
1.1072692315750414 1
1.1110143670474075 1
1.111674473782153 1
1.1155971030148135 1
1.116298113222535 1
1.1172964553291338 1
1.1182293422352207 1
1.1213913759270049 1
1.1226895255944618 1
1.12307365470023 1
1.1241795219503918 1
1.1245582412638413 1
1.1268296186608375 1
1.1273395066372698 1
1.1343827298325082 1
1.1345771831702496 1
1.1367947349228835 1
1.1377953672517345 1
1.1385213778135281 1
1.1391998326149906 1
1.140248775644663 1
1.1439777254947825 1
1.1444091963884218 1
1.1447130878301142 1
1.1477322449856164 1
1.1511384572893415 1
1.1526014474008022 1
1.1533199020218003 1
1.1583565893648642 1
1.159910816220118 1
1.1609334672910594 1
1.1616890131428894 1
1.165957669771343 1
1.1666451932510642 1
1.1672005761853974 1
1.167312471238544 1
1.167473136375941 1
1.1675544370556048 1
1.169260726490651 1
1.1712688893750771 1
1.1714725175399376 1
1.1724157364966852 1
1.174100569163494 1
1.176148604309684 1
1.1776778130537968 1
1.1789395360861854 1
1.18116636610991 1
1.1824370210710156 1
1.1834982414494433 1
1.1839487651987737 1
1.184221316718426 1
1.185146602633392 1
1.1877268068199012 1
1.1883784188866997 1
1.1926570925895736 1
1.1961175597560736 1
1.197284019966498 1
1.1974706906431078 1
1.2009983288664847 1
1.2084311051999916 1
1.2094837720937548 1
1.210230583719589 1
1.2102428018959903 1
1.210323025041315 1
1.2148045183683296 1
1.2156377763217008 1
1.2162941512196308 1
1.217217876544867 1
1.218153295197118 1
1.2186963170300933 1
1.220114098849043 1
1.2206500764693926 1
1.2224473197931756 1
1.2228868393961914 1
1.223160767453128 1
1.2239149459661909 1
1.2251338488614147 1
1.2265058272868048 1
1.2277823507061811 1
1.2280414806457074 1
1.2292336973646272 1
1.2309838176548438 1
1.2338211069091565 1
1.2361534902076752 1
1.2375139984584642 1
1.2377029200868246 1
1.2379097104838306 1
1.240622354253772 1
1.2408877909227614 1
1.2424005032105787 1
1.2433973522570083 1
1.2463207023502492 1
1.24691203191871 1
1.2495578137469412 1
1.2509149230561631 1
1.252028875559572 1
1.2521669237394804 1
1.2560407086280447 1
1.263134961122666 1
1.2633554722748621 1
1.2651733200897641 1
1.2670158341329254 1
1.2687738990666364 1
1.2718119920461022 1
1.271983348289862 1
1.27288000996891 1
1.2761840165735052 1
1.2772278946147129 1
1.2778142802465082 1
1.2781643901971291 1
1.2786772797601662 1
1.2825905451787443 1
1.2852803301598743 1
1.2854595924189802 1
1.2872785167856131 1
1.28827332944417 1
1.28888554708015 1
1.2891977367613834 1
1.2899976222617648 1
1.290352488551275 1
1.2934934077392781 1
1.2948449656303764 1
1.295333945342662 1
1.2957993721862875 1
1.296533271330929 1
1.2972642715247853 1
1.298843678989543 1
1.30276706993187 1
1.3028697451851925 1
1.3034031679036608 1
1.3041526036412263 1
1.3050921342360198 1
1.3076106652547923 1
1.3090303299534731 1
1.3093280368287536 1
1.3098214106576331 1
1.3099366944313997 1
1.311263575468167 1
1.311987069525136 1
1.3126689341948077 1
1.3166209753897524 1
1.3170300551471286 1
1.3176797915352918 1
1.3179959951402938 1
1.3183523797917829 1
1.3194976658922697 1
1.3197647325287205 1
1.3202708736756361 1
1.3207103193677705 1
1.3232552826867672 1
1.3244555553953672 1
1.325270893688174 1
1.325602066885691 1
1.3265936720737497 1
1.3279060949156445 1
1.328488824259995 1
1.3289413280898514 1
1.3318142912544666 1
1.3322799155851002 1
1.3324025208157149 1
1.3325162945753934 1
1.3326607399609658 1
1.3335037682427673 1
1.335271885281183 1
1.3362349086571592 1
1.3377310724024392 1
1.3396091691774041 1
1.339817512237612 1
1.3409265726760695 1
1.3409823427571101 1
1.3427279413966462 1
1.3445519013393212 1
1.3450586283982584 1
1.3465161004234314 1
1.3468607723473311 1
1.3477001061033504 1
1.3533103143378815 1
1.353711593299044 1
1.3539272455782063 1
1.3547874439692134 1
1.3551928363703971 1
1.3556112384831478 1
1.358013475434776 1
1.3585509479631774 1
1.3587506202315176 1
1.3588215361437466 1
1.3602717326547882 1
1.3603474954900383 1
1.3612935332703673 1
1.3616107603516685 1
1.363113573359929 1
1.3661638636727809 1
1.368110843063249 1
1.369344931456522 1
1.372106195217743 1
1.3729234302118654 1
1.3747112518403948 1
1.3749494782045464 1
1.3754453996313962 1
1.3756311439687623 1
1.3758166628997777 1
1.377672299812431 1
1.3781253869264634 1
1.3791919030538489 1
1.3822048844915822 1
1.383301831384511 1
1.3859124415336848 1
1.3859559272117432 1
1.3922294240042372 1
1.3955820984605878 1
1.3968591699840571 1
1.3991291260942111 1
1.4021752423990304 1
1.4034260434337675 1
1.403515735879774 1
1.4042221220755928 1
1.4045451237538595 1
1.4054663551128836 1
1.4055768565536884 1
1.4059767641854428 1
1.4062190955896559 1
1.4072767881539134 1
1.4074605056888339 1
1.4089068508715634 1
1.4101924477957688 1
1.4111339265510698 1
1.4120047396883413 1
1.4143458357225214 1
1.4202261764164166 1
1.4227574941328085 1
1.4237193833339854 1
1.4244754063872491 1
1.4271813350153968 1
1.4277914191015142 1
1.4278930607394833 1
1.4306047345697783 1
1.4311305977427085 1
1.4335981448814992 1
1.4336275152594888 1
1.43591953593059 1
1.436498151336824 1
1.4369763951069108 1
1.43941118222397 1
1.439506311394577 1
1.4397503064780284 1
1.4420464536575988 1
1.443502229120421 1
1.443622256974508 1
1.4456988458870368 1
1.4473187554937157 1
1.4494490687939017 1
1.4498033084889164 1
1.4517119060109218 1
1.4564255909784267 1
1.4565166585145497 1
1.4573154286470682 1
1.4612825740833355 1
1.4614670744315037 1
1.4626032682739818 1
1.4626970102930563 1
1.4629609011227322 1
1.4637011783599698 1
1.464658972412869 1
1.4664550870928257 1
1.468098746754106 1
1.4693020471981115 1
1.4696897011648116 1
1.4700757871475103 1
1.4715122573413897 1
1.471787078801364 1
1.472310409136136 1
1.4738592321010875 1
1.4777304614129574 1
1.4782369325668556 1
1.4796209843191424 1
1.4801651810537733 1
1.4808822423564627 1
1.4833092082409167 1
1.484150499019539 1
1.4841845213745202 1
1.4855712183599017 1
1.486153074337235 1
1.4884880973137058 1
1.4905213261442702 1
1.4924674559723152 1
1.4936192661580734 1
1.4943227445611489 1
1.4976722000684686 1
1.4977378822052816 1
1.4992752740281343 1
1.4997553810128696 1
1.5002481010339588 1
1.5045418848847396 1
1.505411352447728 1
1.505679314607457 1
1.5072787002201276 1
1.5081700691049211 1
1.5088324822303445 1
1.5122450836152923 1
1.5127764368326229 1
1.5128026864097854 1
1.5128828227374536 1
1.5138638162944609 1
1.5150116226551609 1
1.515950145170856 1
1.5175936945913506 1
1.5181723331942607 1
1.5183108490350241 1
1.5185374034018757 1
1.519013434295428 1
1.5199398504234516 1
1.5224853518925032 1
1.5242063565479669 1
1.5245983712601283 1
1.5246976302362565 1
1.5247359005389092 1
1.5283168536392229 1
1.528752983063314 1
1.5309484837402072 1
1.5319198662145035 1
1.5326536056190814 1
1.5327633097508555 1
1.5329506150206915 1
1.5338228540920928 1
1.533916262670983 1
1.5353832776662328 1
1.5363002709015725 1
1.5363043992566574 1
1.53723971963868 1
1.5375763111910592 1
1.5387563863822844 1
1.5390069169801908 1
1.5390497811346182 1
1.5402491940744596 1
1.5408024573090917 1
1.541133915191896 1
1.5426344020382037 1
1.543189604249166 1
1.5437857639419257 1
1.5443590100071252 1
1.5465744442848857 1
1.5474760632333282 1
1.5475081691279766 1
1.5479435609315306 1
1.5502015497681725 1
1.5503693080261651 1
1.55051172798766 1
1.5522117948425966 1
1.5536123513148712 1
1.5546257317891299 1
1.5548120341798208 1
1.5556600987047031 1
1.5589423097444997 1
1.5598327768855529 1
1.5600576179562733 1
1.5606457443474808 1
1.5619177180286057 1
1.565188636684424 1
1.5651991078908412 1
1.5658502487594466 1
1.5671036632606794 1
1.570035722175656 1
1.5768719838976648 1
1.5773600220795072 1
1.579493238948811 1
1.58102591161213 1
1.58198501545532 1
1.5829937527627684 1
1.583406981699397 1
1.5834557650352878 1
1.584109623034157 1
1.585059052655915 1
1.5860592049527529 1
1.5869655196849684 1
1.5875142590203415 1
1.589627729842367 1
1.5899178093501325 1
1.5931064823756504 1
1.5932852122879697 1
1.593317161355626 1
1.5943233685739115 1
1.5946582575246813 1
1.5951216210875512 1
1.5980013783494569 1
1.598625186283548 1
1.599821290949749 1
1.600194585422824 1
1.6018920943144388 1
1.6031195553667406 1
1.6032566774550956 1
1.6035384887765682 1
1.6043899437011946 1
1.6051413732473883 1
1.60668937476807 1
1.6074184300335257 1
1.6083752989780546 1
1.6083929473609695 1
1.6174781324770222 1
1.6175366772632127 1
1.6211957900813383 1
1.6221145264191956 1
1.6228671813262898 1
1.6282517854803322 1
1.63110313118305 1
1.6323519542036369 1
1.6324238393778814 1
1.6339972941385883 1
1.6421217479691137 1
1.6425614937386803 1
1.643435820879526 1
1.643542421065334 1
1.6452402815015048 1
1.6454788602015205 1
1.6463820297284102 1
1.6472669495750043 1
1.6482930361464319 1
1.6486208386623051 1
1.6524026914238177 1
1.654576905760248 1
1.6550222093408702 1
1.6557695568459136 1
1.6558196664530194 1
1.6562290828782449 1
1.6564713773402064 1
1.6579682278498369 1
1.6623934372201448 1
1.6626955637384262 1
1.6639815570564118 1
1.6648874289935598 1
1.6685284141526575 1
1.6695280505711072 1
1.672357704856146 1
1.674042127463789 1
1.6752040536517665 1
1.677324093688345 1
1.6780300406910136 1
1.6786339644975024 1
1.6841003420595917 1
1.6872413091567853 1
1.6876312727242515 1
1.689242511476732 1
1.6911849053948491 1
1.6938543779580766 1
1.693980193960258 1
1.6939971240044658 1
1.6965899036377656 1
1.6996153117185369 1
1.7032777724329984 1
1.7044812902935855 1
1.7046352763390782 1
1.7058096291771057 1
1.7062279129822304 1
1.7091288967511973 1
1.7094173919960465 1
1.7099641068295297 1
1.7111273870709405 1
1.712125655586465 1
1.7121654947845877 1
1.7131369751458774 1
1.7156856174536423 1
1.7181027661233654 1
1.7223569805112693 1
1.7246866155667775 1
1.7253737754040284 1
1.7255771189433415 1
1.726224574112574 1
1.72648733990857 1
1.7279236353347731 1
1.7302439595510664 1
1.7307520991529315 1
1.7308396016367555 1
1.7313272993509752 1
1.733977135566452 1
1.7339935300846814 1
1.7341193630023752 1
1.7342794158855492 1
1.7351779053689411 1
1.7356669645147678 1
1.7364073253514407 1
1.7371101071266268 1
1.7382936287404405 1
1.7385791553694727 1
1.739923740230811 1
1.7409281390755296 1
1.7434469190056392 1
1.7438676359574936 1
1.7447460122427854 1
1.7461495680472898 1
1.747742870839034 1
1.7482735691097469 1
1.7487994211678402 1
1.749282070327056 1
1.7511578627274464 1
1.7531406061724817 1
1.753290229753654 1
1.7536405037501597 1
1.758924478676378 1
1.7604521434545632 1
1.7614235295315739 1
1.7614794840681565 1
1.7626282365683748 1
1.7630054189667128 1
1.7646655128525834 1
1.764966308940807 1
1.7655302994210866 1
1.7672505472285032 1
1.767473786319504 1
1.7682476749844882 1
1.769347980037095 1
1.7697590967968926 1
1.7718757477018183 1
1.772907479311001 1
1.7734934059811664 1
1.7746144829266286 1
1.7752946360846942 1
1.7764761466070245 1
1.7799536218746306 1
1.7814237805096398 1
1.782508248916841 1
1.7833013276937002 1
1.7862850885349353 1
1.7876338656951951 1
1.7884512844455522 1
1.788453692710502 1
1.7933269469495814 1
1.7959250956517911 1
1.7972838127819637 1
1.798793867151337 1
1.7989106647588375 1
1.7992323081081574 1
1.7994021209145432 1
1.8002035468399151 1
1.8005540833130345 1
1.8086320858120044 1
1.8091346017727523 1
1.8091689217532687 1
1.8095003137529169 1
1.8095417647901109 1
1.8127319480577693 1
1.8152894098044303 1
1.8162337699461384 1
1.8167262976592304 1
1.8212493260929463 1
1.8217116529675237 1
1.8234516676608168 1
1.8235187555619368 1
1.823928918643123 1
1.825248633275634 1
1.826878653169128 1
1.8274960003766052 1
1.8280582912534336 1
1.8306272187985797 1
1.8324509363969328 1
1.8325252252589637 1
1.8334892068132231 1
1.833653272150384 1
1.835340450873833 1
1.8392002590623215 1
1.840723882321468 1
1.841223319584456 1
1.84122468007218 1
1.8429129885798785 1
1.843383843162625 1
1.8479772018075615 1
1.8498464477864405 1
1.850825274014211 1
1.851601768599988 1
1.8524661827809092 1
1.8540296710218809 1
1.8564816030034117 1
1.8567159991948368 1
1.860485598745428 1
1.863507049040276 1
1.87092037101086 1
1.8715717684641309 1
1.8726493803346829 1
1.8727248859628072 1
1.873311819587216 1
1.8737351201129115 1
1.875826256548664 1
1.8759106292568268 1
1.8771568371663196 1
1.8778948747276607 1
1.8789623956822887 1
1.8795118187428892 1
1.8801027320576909 1
1.8835981288695205 1
1.885488014957029 1
1.8857832226756128 1
1.8859404513093994 1
1.8892823941311263 1
1.891558983999024 1
1.893429082151624 1
1.8943703562841492 1
1.8956358947891356 1
1.8964792906823629 1
1.8967707349307517 1
1.899391124111292 1
1.9001829844924951 1
1.9011635908257756 1
1.903219334633711 1
1.9046037742877464 1
1.9066662918866084 1
1.9072822639204 1
1.907610793599782 1
1.9083760714971691 1
1.90879763376702 1
1.912098860698423 1
1.912154648939053 1
1.9135295845062792 1
1.9136133383269087 1
1.9138029750821937 1
1.9138698533759655 1
1.914172041822964 1
1.914553590810472 1
1.9152205955168264 1
1.918944868300699 1
1.9199176026928992 1
1.9202580504802755 1
1.9242426921118267 1
1.9257320244564584 1
1.9258177227163564 1
1.927839139662607 1
1.9278778414966435 1
1.9286411720063208 1
1.9324838863307048 1
1.9327011814195838 1
1.93599956146074 1
1.938699301170752 1
1.939858048205964 1
1.9408531024464168 1
1.9409828634046569 1
1.942563768315736 1
1.9428534871210648 1
1.943890360082965 1
1.9452395446631128 1
1.94584426217845 1
1.947010235696892 1
1.9473248969955257 1
1.94831577379884 1
1.9486040772815112 1
1.9504996098249812 1
1.9515478598914289 1
1.9519610926923607 1
1.9549405627831975 1
1.9566301922022065 1
1.9569006982551995 1
1.9580953355528763 1
1.9604739588341065 1
1.960533120305576 1
1.9610726473343425 1
1.9619903380089168 1
1.9623734377319209 1
1.9623867419046888 1
1.9633714678750729 1
1.965012444690544 1
1.967218675178933 1
1.9682565477543423 1
1.9699647964311395 1
1.970060793485232 1
1.9704567081078281 1
1.9728757427396764 1
1.9732641310931047 1
1.976810056928128 1
1.9790033541134355 1
1.9791692747894656 1
1.97954816854799 1
1.98159470988736 1
1.9818490607081127 1
1.983143405198002 1
1.985012474242685 1
1.985121450625413 1
1.9884242300525767 1
1.9934211300636957 1
1.9942037381975568 1
1.995455381954161 1
1.9956943620504013 1
1.9959402877199344 1
1.995970692360437 1
1.9961785403629992 1
1.9963389486972287 1
1.9971617382549331 1
2.0017269598855205 1
2.0017671690131 1
2.0022069407655563 1
2.0033383567891367 1
2.004774546711587 1
2.0056426217087724 1
2.0061294029690497 1
2.008840991089758 1
2.0123444814156635 1
2.0130423954598213 1
2.0133945963288724 1
2.0144760058263707 1
2.0145224225559235 1
2.0170458279899925 1
2.0205716298238494 1
2.022251630451139 1
2.023435263669375 1
2.0243341475231205 1
2.0245085638340403 1
2.025588420570153 1
2.0257845883709056 1
2.0268076391968384 1
2.028753000458328 1
2.0316004724468266 1
2.0322882626083434 1
2.032556220911768 1
2.033112905987482 1
2.0363363054612376 1
2.0397531255889967 1
2.041888577190392 1
2.0427048830287533 1
2.042781432616032 1
2.046223990574827 1
2.0464892904076315 1
2.0475667160616045 1
2.047633337334237 1
2.0485518493563317 1
2.0485622473004987 1
2.049126380671944 1
2.0497264258726884 1
2.054695772354465 1
2.0567702830685524 1
2.0575533934653585 1
2.057946580143404 1
2.0581446452551697 1
2.058430237686485 1
2.058608436361957 1
2.0607256966464718 1
2.0607878906398964 1
2.0609915649950366 1
2.0623870647678557 1
2.0627720728505308 1
2.062924745322904 1
2.063007253053406 1
2.063656495980565 1
2.063770598243286 1
2.0685834825674383 1
2.068958066864125 1
2.06928057311285 1
2.0709659653040515 1
2.0711613979326384 1
2.073247391356738 1
2.0754843799582514 1
2.0762788793062543 1
2.07832286365449 1
2.0789091543141924 1
2.082021724406645 1
2.0830139615733088 1
2.08379885270796 1
2.0842028897381994 1
2.084304281432208 1
2.085274972823127 1
2.086285311071429 1
2.0864798199873804 1
2.0880840617884067 1
2.0897607238213536 1
2.089894718839422 1
2.091628279641456 1
2.093332820379944 1
2.0949928009624363 1
2.0963120054232216 1
2.096826946474556 1
2.096844312507029 1
2.0978911289841733 1
2.1003345968197142 1
2.100932251684686 1
2.1014787021153145 1
2.104700879443706 1
2.1052960684171684 1
2.106248695898268 1
2.1131727467753616 1
2.113680509828596 1
2.114966454988436 1
2.115359150807491 1
2.11699434338718 1
2.118121538283939 1
2.118606765907319 1
2.1187652130934183 1
2.119932503925312 1
2.1202883166604027 1
2.1204826777575243 1
2.1209972107933863 1
2.1228346200063317 1
2.1240103137262745 1
2.1241708384928297 1
2.1255610874356967 1
2.1277109112157757 1
2.1294024299043453 1
2.1301521844788684 1
2.13098436346618 1
2.1321250590798515 1
2.1352260576694246 1
2.136128824095464 1
2.1375579543121397 1
2.1389839529053147 1
2.139100214505442 1
2.139108663527853 1
2.1393871351717557 1
2.1396899103428395 1
2.1403841702933524 1
2.1427398984573838 1
2.1440107646426174 1
2.1459532422693317 1
2.148147934536543 1
2.150126721569265 1
2.1501374282416954 1
2.150593034360168 1
2.1509261468497494 1
2.15131821838815 1
2.1515408365169346 1
2.1526470862090377 1
2.153219849620752 1
2.1534677871482075 1
2.156268639830712 1
2.1563828884721543 1
2.156777590301954 1
2.1573984929124546 1
2.158384766080547 1
2.1604916444116355 1
2.161742353233046 1
2.1652459123149423 1
2.1676399856379267 1
2.1679334403156107 1
2.168451352005777 1
2.1702261908155225 1
2.170688331828285 1
2.172320799991442 1
2.1725998714647043 1
2.1741596090812543 1
2.174423429761756 1
2.174622120074525 1
2.176600266334782 1
2.1800736641529648 1
2.1811170822688792 1
2.18243560730583 1
2.187030758396914 1
2.1872989451080938 1
2.187321443537576 1
2.1876760565352584 1
2.1886698195591934 1
2.1890837295517285 1
2.1911621717331027 1
2.194740751246869 1
2.196775023042088 1
2.198226058563724 1
2.2013518385230464 1
2.2044867792045144 1
2.20589262828518 1
2.209783790065252 1
2.209918530045514 1
2.2099463667364287 1
2.2105257132459437 1
2.211494466323296 1
2.2137019222516363 1
2.2141045191103323 1
2.2142753749711743 1
2.2142809881280097 1
2.2142889021975067 1
2.2154320028155663 1
2.2181555077214647 1
2.22238348397366 1
2.2241076567080182 1
2.2250232889413337 1
2.2262981395591708 1
2.226693761988911 1
2.2277510047932405 1
2.228131027213947 1
2.2286439845257924 1
2.2305202240777335 1
2.230910193866767 1
2.231293700852585 1
2.23283205891174 1
2.2329524400186966 1
2.2335624474466806 1
2.2357754704602533 1
2.236087199779591 1
2.2387110096520755 1
2.2402111636570106 1
2.24049777677233 1
2.2405366148413433 1
2.2410004574141817 1
2.241492027460812 1
2.242543897924307 1
2.2432187684785734 1
2.2441347294795 1
2.2444182816886182 1
2.2450502982324068 1
2.246585233111864 1
2.2483089443010837 1
2.254879623026835 1
2.2565335425744224 1
2.257250884497728 1
2.2591266806647816 1
2.2592456203509643 1
2.262185618344359 1
2.2630226234924797 1
2.2643079480697272 1
2.2665256328802252 1
2.2677779916201075 1
2.268781315709334 1
2.2703236561917643 1
2.270614711736064 1
2.272452539557821 1
2.274372903874605 1
2.2750588290277567 1
2.2752212050373823 1
2.2759920113906644 1
2.2762182693389716 1
2.2766532089849227 1
2.2794435249569993 1
2.281233070635232 1
2.284387896132434 1
2.287070643151352 1
2.2872056198680393 1
2.2875821316801117 1
2.289453045987941 1
2.290555504791147 1
2.2934621810809017 1
2.2960762389162364 1
2.2985152991621307 1
2.3024227649745965 1
2.3028840264705783 1
2.30636653371221 1
2.307412847052662 1
2.3097168144815363 1
2.310505057058583 1
2.3106666319262827 1
2.310688899611705 1
2.3108902366406516 1
2.3108946973552085 1
2.312297555163504 1
2.3127011640519224 1
2.3130334621181725 1
2.3136502926587244 1
2.3139933956406358 1
2.314285564837167 1
2.3150235718764693 1
2.320152267988855 1
2.321248622879551 1
2.321279103028642 1
2.322216509740864 1
2.322390035845213 1
2.323273958977801 1
2.3234100882853808 1
2.3261834864769053 1
2.327920355060192 1
2.3296278405626407 1
2.3335180668121698 1
2.336106888038677 1
2.3363694609674828 1
2.3371165697721 1
2.339642754002 1
2.340218888724648 1
2.3405772967765013 1
2.340876332523417 1
2.3415165750960862 1
2.3416308786391733 1
2.342431325752488 1
2.3462330022055524 1
2.3464098992715714 1
2.3476716465964764 1
2.3483715132794365 1
2.3495411786370908 1
2.3513483097168844 1
2.352091403501817 1
2.3562849862430504 1
2.356527870933005 1
2.3591530161590666 1
2.3622004811492365 1
2.3630714112337663 1
2.3637454431192992 1
2.3645525952402724 1
2.365632889205039 1
2.3662784783796735 1
2.3665190191013674 1
2.366688809908772 1
2.367653276704836 1
2.368830000917127 1
2.3704014884306184 1
2.371973727952582 1
2.3720770075795885 1
2.3721079756888312 1
2.3729383870455503 1
2.373654121243785 1
2.3749888709784357 1
2.376156994688165 1
2.380493150136325 1
2.3811942958508063 1
2.381828077299491 1
2.3834458108905374 1
2.38403161732628 1
2.386246063701856 1
2.389970529426868 1
2.3907728512661155 1
2.392749901439829 1
2.3939269878102967 1
2.3943894844368843 1
2.396069768856848 1
2.3963188758413208 1
2.397344885767576 1
2.399135499477348 1
2.401233554462044 1
2.404386456353586 1
2.4047536708889057 1
2.408688773411284 1
2.41263926945774 1
2.4139674213353723 1
2.4157228440053995 1
2.416962310729001 1
2.4236866000910835 1
2.4252807319903082 1
2.425713539731312 1
2.4274144279735617 1
2.430287487334449 1
2.4303060840614896 1
2.430308040968125 1
2.431282268330176 1
2.4327800276956832 1
2.4333173267884463 1
2.434948044451565 1
2.435185519917749 1
2.4366003709305137 1
2.4373534255825 1
2.43769057001684 1
2.4393130821808238 1
2.4414994161852084 1
2.4415521178661757 1
2.44196238000048 1
2.442174895340373 1
2.446013898933105 1
2.4460254509078667 1
2.44637643980499 1
2.4465823755144767 1
2.447114132771045 1
2.4477223881710386 1
2.4488528611178686 1
2.4499325935825182 1
2.4513596609507737 1
2.456004485564894 1
2.4564709000689677 1
2.457445911539513 1
2.4584213084746587 1
2.4592051354912874 1
2.4611649365193897 1
2.461959426883502 1
2.4621833527143098 1
2.463383889383413 1
2.4718156225871217 1
2.4725872643715525 1
2.4743239863232818 1
2.4753048088012903 1
2.4760513471828083 1
2.4765940364213157 1
2.4781265770083207 1
2.4786647342329635 1
2.4806907341134625 1
2.4818956401271315 1
2.4825361553198455 1
2.482664631458918 1
2.482698809579379 1
2.4880622726075394 1
2.4883527387087705 1
2.489250113437727 1
2.4910852981831155 1
2.4913979052834683 1
2.4922019664447497 1
2.492845070496902 1
2.494178666600709 1
2.4963425888609505 1
2.4978925514635124 1
2.4981892489091932 1
2.499012776716174 1
2.4993489124081782 1
2.499773054019664 1
2.503304001595986 1
2.5042270096964354 1
2.5077512571117864 1
2.5086318027771988 1
2.508702457068747 1
2.5088413674014483 1
2.5097622075377077 1
2.510179017909961 1
2.51171952053314 1
2.5128501381484916 1
2.5140735923427 1
2.5145203669219223 1
2.51456366950599 1
2.5155648176591563 1
2.5174423191569715 1
2.5187732416451394 1
2.5223979611033656 1
2.5225782005577404 1
2.5245004522828656 1
2.52559723430528 1
2.5260427955152966 1
2.526946926092146 1
2.5319838209266505 1
2.532288307282732 1
2.5323276817844054 1
2.5332485802705738 1
2.533964117390369 1
2.5345875567232 1
2.5364556357493715 1
2.540375017494328 1
2.5409745466792337 1
2.5449461627714687 1
2.547585940656788 1
2.5479161093576983 1
2.549843796682181 1
2.5517546801099042 1
2.553974692764999 1
2.5545459842425373 1
2.5572364704644093 1
2.558094760586496 1
2.561582169444435 1
2.561599705025373 1
2.5622631194131813 1
2.5629572552187736 1
2.5631109211423846 1
2.5644898063415957 1
2.564646863487733 1
2.564752145266201 1
2.5655971653772807 1
2.568487303597747 1
2.5685104070265883 1
2.5698463923884427 1
2.5713764249407904 1
2.57155213551265 1
2.5735887429631363 1
2.5754713810050345 1
2.576607346550964 1
2.5769835623001995 1
2.580193577960209 1
2.5817565662895707 1
2.581846796062412 1
2.582551759582692 1
2.5837687724047784 1
2.583999702897001 1
2.5855355938612257 1
2.5856112289346704 1
2.5861091225337263 1
2.5870268267587324 1
2.5871115711381725 1
2.58754331847793 1
2.588545264978715 1
2.589229608635635 1
2.5900745982421163 1
2.590255517058808 1
2.591511078515384 1
2.5926738167609327 1
2.5942697273765125 1
2.5945939569048417 1
2.5947985377966107 1
2.5952780847727857 1
2.5964401610067593 1
2.597989015010062 1
2.5993715539546964 1
2.6000056468882717 1
2.6035865350045517 1
2.6056436396065505 1
2.6072632883046842 1
2.6114916625206757 1
2.6123613176458123 1
2.613439068039581 1
2.616374509663964 1
2.616746568377119 1
2.6169160291336824 1
2.617016177625709 1
2.6175824488209662 1
2.617883042477933 1
2.6191397542857446 1
2.621402746451724 1
2.623064964727861 1
2.6236782747984817 1
2.6267272007379976 1
2.6270586177397512 1
2.628756405536656 1
2.629044545985181 1
2.6309778417243432 1
2.631012871871152 1
2.6337508031686716 1
2.634423487082634 1
2.63462071512504 1
2.63498750401665 1
2.6372418844886583 1
2.6384762281052105 1
2.6387813696300246 1
2.639077618017029 1
2.64053475401714 1
2.6450156803818543 1
2.6469449422883 1
2.6470116831787784 1
2.6506864597628024 1
2.652451117696623 1
2.6529373303923527 1
2.6562710671543512 1
2.6577983654596498 1
2.6579335476528816 1
2.658183759691893 1
2.6598754480771403 1
2.660060909407629 1
2.6606604607271587 1
2.6609750142004205 1
2.6641562902538296 1
2.6651375472859216 1
2.6661871141221027 1
2.6662548214519624 1
2.666464782991554 1
2.6666420516358467 1
2.667909778603938 1
2.6680731830844238 1
2.671262497776712 1
2.6739869890483536 1
2.6749327022909903 1
2.6751927729989142 1
2.6783318176668534 1
2.6810858358671226 1
2.6834176237670717 1
2.6844576223312977 1
2.6848772511005956 1
2.685944075244045 1
2.6864938855378218 1
2.6876463608637864 1
2.6902272325248178 1
2.6907853784368534 1
2.692976823112228 1
2.693503522019735 1
2.6985136523619078 1
2.698892900475981 1
2.7003055617622294 1
2.7009381862558297 1
2.702527473905481 1
2.703053979000715 1
2.703448677610676 1
2.7060932032778995 1
2.707592538799365 1
2.710186297088777 1
2.7104321243000213 1
2.7119717810103507 1
2.714188306797097 1
2.7167060288151887 1
2.717754890301684 1
2.7177648760142783 1
2.719341384712919 1
2.7196991535511352 1
2.7201829775420308 1
2.7216750884553798 1
2.7240332631740496 1
2.7245485323876735 1
2.726531952524935 1
2.7268758266617747 1
2.726912373142406 1
2.7272040758447518 1
2.7292371040697683 1
2.7312157418517717 1
2.7312475069875477 1
2.7318791239755424 1
2.737522791660052 1
2.7384889016186698 1
2.7400515370696947 1
2.7402709988212166 1
2.741201391923477 1
2.743418917296959 1
2.7452028691972927 1
2.7482510484411873 1
2.7484584175250255 1
2.749090035057704 1
2.7491616689914222 1
2.7504062532733653 1
2.752581256079858 1
2.7526836735338134 1
2.753099750658201 1
2.7570491409336984 1
2.7581359095911053 1
2.7586044938144254 1
2.7590844634962366 1
2.7598929352853467 1
2.7613349850658118 1
2.7615493985350987 1
2.7617006654759075 1
2.761828698750985 1
2.7632640896849416 1
2.7636950541561127 1
2.764214632224321 1
2.7644984905134313 1
2.7664526231097586 1
2.7700168068646382 1
2.7718658363988085 1
2.772618453698072 1
2.7756398834836253 1
2.7758333523893035 1
2.777994118564996 1
2.7854301877270498 1
2.7882889471419654 1
2.7886218758983965 1
2.791620442586153 1
2.791906109764384 1
2.79194414190551 1
2.7952037506627354 1
2.795964755053188 1
2.7961329667568053 1
2.798988748909593 1
2.799718770863698 1
2.800780885507405 1
2.8027142927229263 1
2.8028367015542215 1
2.8035554614982585 1
2.804444444254812 1
2.8053083476984786 1
2.805408498864689 1
2.805418514965821 1
2.8062458171738136 1
2.8074839069725037 1
2.8077537191533173 1
2.8081039001182595 1
2.8090827267997587 1
2.8092836626421605 1
2.809517603570407 1
2.811002667456976 1
2.8117753642221115 1
2.81235413963826 1
2.8125631818276284 1
2.8150455119636457 1
2.8156992194011323 1
2.817138757115956 1
2.81730452010438 1
2.8180226239659216 1
2.8185394769011416 1
2.8214536374975014 1
2.8227821093357317 1
2.8243808152051004 1
2.8248178407309417 1
2.8254969548845112 1
2.826798486696319 1
2.8269751032394783 1
2.8271727759931164 1
2.8290570888056137 1
2.8305859437670486 1
2.831786399452031 1
2.836634893009517 1
2.8368510115870422 1
2.8372433493507248 1
2.8375273442242657 1
2.8387184626421185 1
2.8406337479469213 1
2.840824179788385 1
2.841608242612293 1
2.8424821357438885 1
2.842511824692896 1
2.844452485804036 1
2.8448031749177978 1
2.8448937270176176 1
2.8451540749734727 1
2.8479616392608236 1
2.8485893576437618 1
2.849306128910424 1
2.8507896829201185 1
2.8523662318029994 1
2.8528567207647417 1
2.8538040533120967 1
2.8555360508544485 1
2.8575967384382834 1
2.8601381134585733 1
2.8606667879454584 1
2.8611239411738145 1
2.8619321378518796 1
2.863314064012469 1
2.864461346941199 1
2.866759000581216 1
2.869507513306241 1
2.8713507185762834 1
2.8757294216501936 1
2.8765304004937584 1
2.8775222239424036 1
2.881546527344772 1
2.882031630871561 1
2.88790120536445 1
2.890795662544088 1
2.892475082815395 1
2.8970222618607337 1
2.898741554851044 1
2.9002695055548906 1
2.9011229238744605 1
2.903611807707674 1
2.90564981488478 1
2.9067533061430986 1
2.9070364781767344 1
2.907627140708576 1
2.9076618159450875 1
2.9079966959227215 1
2.9109388088515007 1
2.9127325581370487 1
2.9149953518215934 1
2.9181090972458263 1
2.9182038438500935 1
2.9197541410352064 1
2.922146002062457 1
2.9238971902947912 1
2.9259109757292454 1
2.9259300043029164 1
2.929365577000868 1
2.9313076561746687 1
2.9364888649106726 1
2.9375499776037755 1
2.9393374335850466 1
2.9411684439966916 1
2.943718468476493 1
2.9446743728584703 1
2.9473471446162507 1
2.9492216820122836 1
2.950694267791875 1
2.9524049125420824 1
2.9545043737536623 1
2.9548979913018343 1
2.9564750266911086 1
2.9572009630490257 1
2.958074627057996 1
2.9589395542422636 1
2.9595553772060708 1
2.9631287525719516 1
2.9642501565808392 1
2.965846915692067 1
2.9669358193681843 1
2.967477036686427 1
2.9676871269378875 1
2.9697830824630613 1
2.970656015354132 1
2.971203551355536 1
2.973405026922121 1
2.984171485090785 1
2.9842913622242926 1
2.986735071589473 1
2.9896000620048166 1
2.9906203209983246 1
2.9941420974124013 1
2.9945691627799405 1
2.9972785792622862 1
2.9979838504616048 1
3.0013160093802997 1
3.0019268479967915 1
3.0027271379956932 1
3.003824422963697 1
3.004051957463892 1
3.0063899845646134 1
3.0064110673785716 1
3.008129075581352 1
3.009647211155315 1
3.0097831335231437 1
3.0111022127182863 1
3.011620772374918 1
3.0122365860162525 1
3.0149236003551327 1
3.01865855184428 1
3.019604009599443 1
3.020182326174761 1
3.020891133773187 1
3.0210116249964396 1
3.023823705346264 1
3.0250935072765466 1
3.025751941027183 1
3.025890898354028 1
3.0264756456674244 1
3.029952676074904 1
3.0327322830848584 1
3.033260595383076 1
3.0347029857457435 1
3.0364134394341504 1
3.0369022954852496 1
3.037623167536955 1
3.0380203028910757 1
3.0398907071731864 1
3.0401762312232337 1
3.041613086606212 1
3.042600001398257 1
3.0440724538842328 1
3.0483308712344614 1
3.0489379435672967 1
3.0615670050021286 1
3.062388841207333 1
3.0673945450177165 1
3.0675605008939724 1
3.067799909462856 1
3.069241315569558 1
3.0695124348526237 1
3.0695594187674367 1
3.0708214562958682 1
3.071697332826425 1
3.0723290577217166 1
3.072443200289373 1
3.0734094160523413 1
3.0749474745938348 1
3.0792257085935217 1
3.0807349548324714 1
3.0808018489558937 1
3.0808851270157764 1
3.082033472343784 1
3.0820366650120246 1
3.084277716016598 1
3.0928713668124264 1
3.0955647067414125 1
3.0975658138432545 1
3.0986474006368723 1
3.0987078503934304 1
3.104970487760007 1
3.1063572954730643 1
3.1063904843100576 1
3.107529159713523 1
3.10909670421894 1
3.1097032827002336 1
3.1100994133992 1
3.1114816732237323 1
3.1115266456202946 1
3.11416505177446 1
3.1163867955561737 1
3.1183687926839174 1
3.118416470839477 1
3.1199786206405355 1
3.1240674493579603 1
3.1270955798304763 1
3.127422416209656 1
3.1284100099162804 1
3.128412654975153 1
3.131659938102602 1
3.1360200400113096 1
3.1373714119559937 1
3.138027535578822 1
3.138944039270464 1
3.1396093231919995 1
3.139749246115992 1
3.142029028294905 1
3.1424970587062697 1
3.1436133437722957 1
3.1441405912648963 1
3.152933768173261 1
3.1537474851610945 1
3.1539506068906134 1
3.1544211024482918 1
3.1544719656503797 1
3.156434383934692 1
3.15677929262304 1
3.1568117372882423 1
3.1587054322528005 1
3.159240200957764 1
3.1604838159300326 1
3.16135160850994 1
3.1618369766511223 1
3.161930191841848 1
3.1635583130750935 1
3.1659222379872243 1
3.1662152730149735 1
3.1664670515103754 1
3.1679388175566454 1
3.170793700747516 1
3.1714441457417633 1
3.178744270823601 1
3.1789318971122635 1
3.181088220751053 1
3.1815220143040057 1
3.181563350343352 1
3.1820852171419625 1
3.182604654964832 1
3.1830527325716647 1
3.1836028857906067 1
3.1845904695330733 1
3.187124414849805 1
3.1893153961267213 1
3.189735217388181 1
3.1943770739524733 1
3.19489619325373 1
3.1993793116317533 1
3.205105546135869 1
3.2052541804678305 1
3.2058652859947374 1
3.206217282762584 1
3.2082358716376165 1
3.2086666666040387 1
3.211761935925556 1
3.2150025448038426 1
3.2196341073561463 1
3.2196644124472167 1
3.2213002705375917 1
3.223233098413681 1
3.2250069267543924 1
3.2275724964780497 1
3.2288204783510714 1
3.2297801713005185 1
3.2299663925187057 1
3.232022190641833 1
3.2384029898849285 1
3.238434965378384 1
3.238536609310368 1
3.2387337353659498 1
3.238874592723481 1
3.241576437341488 1
3.2428992411392827 1
3.245173143477431 1
3.245901799838612 1
3.2470101207030577 1
3.2471082611282425 1
3.24869684049316 1
3.2498994403965384 1
3.2556865177747336 1
3.2560829563951983 1
3.257806215197912 1
3.258912152139944 1
3.2617256656135583 1
3.2673558167695247 1
3.2682355565963475 1
3.269255629190812 1
3.2695551936071654 1
3.271661984066108 1
3.273363313730262 1
3.274009963766971 1
3.2740235272699367 1
3.2779129357157952 1
3.278492532646613 1
3.279030341814824 1
3.2791415413946234 1
3.280689129343167 1
3.281884370167856 1
3.282183839061398 1
3.282705114458288 1
3.2837791377210217 1
3.2892196357030388 1
3.2892440742541784 1
3.291167157883049 1
3.293825335464132 1
3.294813705541023 1
3.2960062660769136 1
3.2971246926786875 1
3.2977383133683107 1
3.298993872542193 1
3.299257602529723 1
3.3100125500537168 1
3.3101017061502245 1
3.311962207024904 1
3.3155681391111296 1
3.3219879208037315 1
3.323948684698661 1
3.3244812333935867 1
3.325063274785776 1
3.325733872685006 1
3.329625261833552 1
3.3305001011992634 1
3.330749261269168 1
3.3338092605407974 1
3.3338427460802773 1
3.338640116516308 1
3.339035641053993 1
3.3395946263332785 1
3.3405443999123783 1
3.340684148830902 1
3.3410167181092385 1
3.3415181180899545 1
3.3475336864352503 1
3.347788893490793 1
3.350182420086933 1
3.352328279942855 1
3.3583808178680723 1
3.3593215166917143 1
3.3599439566673435 1
3.3633923400553964 1
3.3639653238512195 1
3.3681685556422765 1
3.3700212105674905 1
3.370956899039312 1
3.3723171760824404 1
3.3741130166715463 1
3.376630186589445 1
3.3769134569293837 1
3.378028708331359 1
3.3792023555371573 1
3.380482839966916 1
3.3842288563974474 1
3.3860814541855357 1
3.3889205106613765 1
3.3921056316589504 1
3.3955236805529103 1
3.396164411459504 1
3.3969380055299747 1
3.3977564935125883 1
3.397953503236038 1
3.399322512624701 1
3.4027865637483816 1
3.4035087709182674 1
3.4051015673500413 1
3.405597844037321 1
3.40701772015288 1
3.409130019925438 1
3.4105701480098087 1
3.4138273643281787 1
3.415031218384588 1
3.415956690271594 1
3.4183896399379656 1
3.4230821978568526 1
3.4272651030328385 1
3.4287850640031987 1
3.4324655554216514 1
3.432666902089404 1
3.4351472658532827 1
3.4386877096848423 1
3.441371823468915 1
3.4417212963768216 1
3.4422634779485337 1
3.4433659832471823 1
3.443383654261175 1
3.4465247430300647 1
3.44880710675445 1
3.4493580506052792 1
3.4500274534125928 1
3.45187675326062 1
3.4563309141032765 1
3.4667263733281284 1
3.4677864458708862 1
3.4726024365522004 1
3.4735265442824783 1
3.4736214514957138 1
3.4746142610701503 1
3.475281247139544 1
3.4779167466196177 1
3.4779632416094017 1
3.4790258022811296 1
3.4814972311182197 1
3.482921186254293 1
3.4830771308883057 1
3.486980352267332 1
3.489479450726056 1
3.4900773690053666 1
3.4911866518150974 1
3.4916911841913456 1
3.4940519352984807 1
3.4952503510803234 1
3.4955469476887115 1
3.4959610143390494 1
3.4964831647142116 1
3.4965328914163805 1
3.4975370404550885 1
3.498434603090502 1
3.498643351544465 1
3.498785569709337 1
3.5034807978813602 1
3.5058420398481203 1
3.507770045720705 1
3.5083018069572214 1
3.5096556904076337 1
3.510318734111713 1
3.5112248437828 1
3.512837704961957 1
3.5133843908765465 1
3.5137380666519453 1
3.5167204652145867 1
3.5179186718907656 1
3.5193565134946767 1
3.522687871974306 1
3.5253622778192018 1
3.527097682303169 1
3.5285965345820736 1
3.5299668027325053 1
3.5314246168253174 1
3.535283594243676 1
3.5387180267543408 1
3.5402791077245075 1
3.54043362499771 1
3.5423884185373424 1
3.542710457387956 1
3.5472809167358657 1
3.5483828846259864 1
3.5576646835390897 1
3.558961641027215 1
3.561534562069068 1
3.5636773017636485 1
3.5646325154136735 1
3.5673811317603112 1
3.5676511394435004 1
3.5681067823177406 1
3.5683635361947643 1
3.56954403921588 1
3.575870245909196 1
3.577718271656428 1
3.5791263702721436 1
3.5792420348894862 1
3.5825920727849034 1
3.587248093737933 1
3.5878324242214634 1
3.5879347654912346 1
3.59795945456664 1
3.598423796644999 1
3.599900120413003 1
3.6001161098175958 1
3.600135296235732 1
3.6009823693294707 1
3.602508353315787 1
3.610750691951395 1
3.6115549047569013 1
3.613947236949093 1
3.6155635349621855 1
3.6182792957756607 1
3.6189284684869274 1
3.6221338735300783 1
3.6238050270898436 1
3.625148644539185 1
3.630233655162312 1
3.633172521299109 1
3.6380783522766422 1
3.6406252955798517 1
3.642323764298986 1
3.6432417129726 1
3.643502497922402 1
3.6435569685768936 1
3.6443194043808727 1
3.6487172766543483 1
3.648784405714712 1
3.6488759687204753 1
3.6506873044451713 1
3.6523713613566153 1
3.656972479760364 1
3.6583642843935262 1
3.658696835166 1
3.660973579614777 1
3.6618065727391422 1
3.6640931349268535 1
3.6649928626708586 1
3.665369775963189 1
3.665570081146884 1
3.666661114293188 1
3.6671697033844306 1
3.667171630018344 1
3.670824052690704 1
3.673740062825456 1
3.675026489631096 1
3.6770119973363036 1
3.6773714153345542 1
3.682914352596984 1
3.6833206931060807 1
3.68383425468507 1
3.688409548156736 1
3.6885274534277417 1
3.6895481033602353 1
3.690743025155128 1
3.6930649763501764 1
3.69331516788207 1
3.696412729038607 1
3.697797231611446 1
3.70078707353709 1
3.703805824372027 1
3.704430975758428 1
3.710931815661284 1
3.7121588060644375 1
3.7126298543054266 1
3.716623132662087 1
3.7175008662602087 1
3.717837022209189 1
3.718010179185293 1
3.7183252155569617 1
3.7211742604200637 1
3.731042712352896 1
3.7346302312792496 1
3.735661767038608 1
3.737412465539685 1
3.739500383123573 1
3.742989222449831 1
3.7442654415254197 1
3.744658077160793 1
3.747359999346708 1
3.7487627674841266 1
3.749416545435992 1
3.7499551435445535 1
3.7513687898238857 1
3.751389652758912 1
3.753876815044762 1
3.754757939924087 1
3.756185602276804 1
3.757186381564936 1
3.757757911402216 1
3.757993266725797 1
3.758086446288033 1
3.760277711642472 1
3.762353771240458 1
3.7667045650897935 1
3.7685386298452 1
3.7692984407486265 1
3.7698856444956848 1
3.7730572732732655 1
3.7779084928080064 1
3.780139152180013 1
3.783622024225288 1
3.784227622072255 1
3.7858787572206385 1
3.7876243650117303 1
3.7878880880403503 1
3.788041948016768 1
3.7934395873508415 1
3.795376897328325 1
3.797563422408453 1
3.8014881306270447 1
3.80236320770568 1
3.805555709229291 1
3.808057605605803 1
3.80990015903288 1
3.8105068714079824 1
3.811391582889263 1
3.8117826349086346 1
3.8132637064881214 1
3.815645288867111 1
3.818606011915128 1
3.8188130321823937 1
3.819556089657525 1
3.821037682461156 1
3.8332828395539127 1
3.8364715130173015 1
3.8371106295754087 1
3.83923476534514 1
3.841461901917838 1
3.8447686023677656 1
3.854023734847781 1
3.8540246707908663 1
3.856365560953112 1
3.8563807398235466 1
3.8592695925015015 1
3.859436590320749 1
3.8597245595274914 1
3.8626198074940334 1
3.864887283378805 1
3.870833733205656 1
3.8722809143213732 1
3.876183054717532 1
3.8772256618716336 1
3.879068761805312 1
3.8795171277076785 1
3.8838920442601563 1
3.8861800343266126 1
3.88852257072034 1
3.894113071374505 1
3.8982738834976094 1
3.899022729051047 1
3.9031145774072016 1
3.908023159489872 1
3.9178299077457286 1
3.9204660169694376 1
3.9225467180133236 1
3.9230832522195462 1
3.9241414635238083 1
3.927273586998254 1
3.9280744328981734 1
3.928192525904029 1
3.933742803427149 1
3.9339666332359235 1
3.9350631378822687 1
3.9351463268809037 1
3.935224224601085 1
3.935546636999217 1
3.9361166864076593 1
3.93810484210736 1
3.939644874446316 1
3.94295759153044 1
3.943837833586569 1
3.947631482341033 1
3.949924346034892 1
3.9518272962566297 1
3.95492724828197 1
3.955980469959562 1
3.9614985127446696 1
3.965530228037573 1
3.972721442545729 1
3.974757183497165 1
3.977046214440655 1
3.9774360669293776 1
3.978321520332931 1
3.981351632922253 1
3.981385287456648 1
3.981493279899041 1
3.9829415028744357 1
3.983679004813188 1
3.9847502863736657 1
3.9885202939769866 1
3.995294844154129 1
4.000593479097705 1
4.005557151911189 1
4.006698791781726 1
4.007686984148327 1
4.01338963198277 1
4.014699321570297 1
4.015516242299558 1
4.015635231994949 1
4.017330324803275 1
4.0176327620449035 1
4.018121841063655 1
4.023319890996337 1
4.023578108217106 1
4.024598165951677 1
4.025669161973197 1
4.0262987554882175 1
4.0303518463590535 1
4.031041018296625 1
4.031079696451823 1
4.031181211352476 1
4.032877630598796 1
4.03929139514619 1
4.045171056328125 1
4.04624562387481 1
4.049425107298837 1
4.050488767753218 1
4.051812936262455 1
4.052379990430674 1
4.05395998828112 1
4.0560594576362785 1
4.0569797597675015 1
4.0596592423703335 1
4.059829317803713 1
4.064512937008433 1
4.0689301379355385 1
4.071920810614872 1
4.0750956969010455 1
4.077333459330572 1
4.077648384754658 1
4.0824873983089445 1
4.082768077201056 1
4.084287500082286 1
4.085412644148419 1
4.088027375567772 1
4.095293713341647 1
4.0965682813638695 1
4.098333697169367 1
4.098501372072022 1
4.105928270276548 1
4.107544847288102 1
4.109756208714346 1
4.110296016312357 1
4.110342513769759 1
4.1109865872019205 1
4.111022145726544 1
4.111300625702676 1
4.111507006618524 1
4.112087994994213 1
4.1133785510514995 1
4.1161239328571515 1
4.116825768679627 1
4.117653495055417 1
4.121652539315503 1
4.122622267601979 1
4.123091351002811 1
4.124698577976691 1
4.125258785890929 1
4.126765274520511 1
4.1308639980466415 1
4.133135901833722 1
4.133404873338715 1
4.133468904513276 1
4.137344122714592 1
4.137412565147023 1
4.138454356310768 1
4.140229009808688 1
4.1416295629064885 1
4.141760712078194 1
4.1451815201337086 1
4.1522181373419365 1
4.1546305665164365 1
4.156459000365421 1
4.156691214541317 1
4.162790641915241 1
4.162939290707467 1
4.1684004908722185 1
4.168775688332594 1
4.175489760060905 1
4.180487675739641 1
4.181779088916183 1
4.182052431685463 1
4.1835815015552305 1
4.184522921521917 1
4.185452894039681 1
4.1859517045398595 1
4.186449911651504 1
4.188149564181735 1
4.188293155755623 1
4.188361828791144 1
4.188678720015572 1
4.1904875127666354 1
4.190999869604797 1
4.191837400753341 1
4.194799503713768 1
4.197742452398574 1
4.198007246011033 1
4.199786228911732 1
4.2013103818054605 1
4.2032753340584845 1
4.213083676964293 1
4.219915948515999 1
4.221716371823057 1
4.222616737455795 1
4.2241818830417905 1
4.224978867482831 1
4.2321711976654575 1
4.2332650700952135 1
4.235038875350342 1
4.236414169039932 1
4.24216804763682 1
4.242349380188692 1
4.243539327780237 1
4.253815377559024 1
4.2572625392887495 1
4.264489588751062 1
4.266149247218048 1
4.273863101834522 1
4.275186492511997 1
4.2762091537701705 1
4.28163008020867 1
4.282852996121689 1
4.284975073271314 1
4.286336518065396 1
4.288081570467571 1
4.288498435126281 1
4.288548191556594 1
4.288635390818008 1
4.290217333214936 1
4.290786876324842 1
4.305011120728205 1
4.307166865411407 1
4.308108596975977 1
4.3120385184339085 1
4.318469281129228 1
4.3201995558808015 1
4.320637113195502 1
4.325095928412867 1
4.33016314299284 1
4.331535259164762 1
4.333742657556192 1
4.33601843123981 1
4.336036721766395 1
4.337382640879299 1
4.337462214415395 1
4.341115665893047 1
4.34137998703799 1
4.342369665726195 1
4.348378491477945 1
4.3487955765828605 1
4.3560558297265874 1
4.359375577374069 1
4.361806752432792 1
4.362502677567898 1
4.3641365762000754 1
4.369800928825239 1
4.372418265533811 1
4.372450034011181 1
4.374082418133118 1
4.3757002789588455 1
4.376195431370583 1
4.377094629772128 1
4.378589632106325 1
4.38010761025417 1
4.381526869825566 1
4.382259861079805 1
4.382615334607126 1
4.385750553215925 1
4.387650399550166 1
4.388121981077147 1
4.39060859935791 1
4.391681475190169 1
4.39358904938915 1
4.395302103683393 1
4.397810347422073 1
4.401875652922219 1
4.4044732127124435 1
4.412604574959585 1
4.414739783475742 1
4.415025516739284 1
4.420046348824004 1
4.421959210759097 1
4.422711727990068 1
4.423813162186822 1
4.42941203241987 1
4.432040109698801 1
4.433316426329662 1
4.4333201080352165 1
4.433730995219223 1
4.437307992016391 1
4.438871239669861 1
4.442959024832031 1
4.443098634294596 1
4.4474563567704415 1
4.4509039385901215 1
4.4524090637230085 1
4.4537369014420705 1
4.455218599834113 1
4.460399101660822 1
4.464091278352812 1
4.467333069102279 1
4.474234126899174 1
4.479708726527792 1
4.480864626637548 1
4.483800895752371 1
4.4891525234350524 1
4.4909682105289646 1
4.500864536202763 1
4.500882354342783 1
4.501618304076434 1
4.504326631213886 1
4.508604548476778 1
4.512587503077646 1
4.51298322847372 1
4.514555644325255 1
4.516230192513925 1
4.518146568133462 1
4.518404080929157 1
4.5194381168408535 1
4.523153448537352 1
4.5238880891742586 1
4.52472795204002 1
4.525326470698475 1
4.5261294717281935 1
4.528592134049688 1
4.535746508924227 1
4.536974089360882 1
4.53878997590334 1
4.539097982136503 1
4.541601244565746 1
4.542722367448914 1
4.544692051725961 1
4.54609188933715 1
4.548958661451337 1
4.550069236483877 1
4.554743255218032 1
4.554765599673142 1
4.559505092173357 1
4.559662601940632 1
4.571985813162216 1
4.573499359379794 1
4.573906135893631 1
4.579014269021527 1
4.581022209401851 1
4.591995309354375 1
4.5985753801519715 1
4.599072038899209 1
4.604818740557212 1
4.606728554628464 1
4.609231955024901 1
4.611177324164597 1
4.611742948351155 1
4.614469015819047 1
4.621111417228857 1
4.624797269016768 1
4.6266483125102225 1
4.6269675352549315 1
4.636908388611117 1
4.6372551569277665 1
4.642624009722178 1
4.6514624230772315 1
4.652124787543968 1
4.654828672038216 1
4.655703025488676 1
4.655831976644173 1
4.656574508819013 1
4.65967048742912 1
4.66231271469205 1
4.665332014060617 1
4.66624479177889 1
4.6685849917832405 1
4.669359466925162 1
4.670421930588775 1
4.671475771911066 1
4.67593549846718 1
4.678580918755552 1
4.6806013362276655 1
4.683021922914958 1
4.68323672982221 1
4.685246365370627 1
4.686752806807244 1
4.69067926420063 1
4.69637472691284 1
4.697339192264665 1
4.698717770512813 1
4.698942893256684 1
4.7004667348473665 1
4.7005975935721604 1
4.705300014588048 1
4.711892585933472 1
4.720957465791196 1
4.723863881359132 1
4.724750788159086 1
4.724989171270097 1
4.7283038498620895 1
4.735187499312472 1
4.741953662005859 1
4.742909732598187 1
4.747549624268508 1
4.749614032460115 1
4.751575184197611 1
4.755158934732462 1
4.755813398310197 1
4.758881620033627 1
4.761311656364356 1
4.7619325154119005 1
4.76204292555026 1
4.762862560287561 1
4.764208689650429 1
4.765192576762863 1
4.7663876687893305 1
4.77311446258878 1
4.776416102296565 1
4.7813267273308435 1
4.783320580223169 1
4.783503633548337 1
4.785841192795751 1
4.788744072902347 1
4.788868256090213 1
4.799830522723877 1
4.803984318763634 1
4.806540145876664 1
4.807434687408492 1
4.811287804016806 1
4.811320519099817 1
4.817022781695449 1
4.817170793555241 1
4.818140155146882 1
4.824016936879999 1
4.824892618516522 1
4.825360467281424 1
4.836398552335737 1
4.836459847853962 1
4.8417336102517465 1
4.842981962581037 1
4.847321966011438 1
4.850668486268973 1
4.852507742558422 1
4.8532523073528795 1
4.857378603608241 1
4.859753781370106 1
4.866979430955476 1
4.86714304843263 1
4.86793204543156 1
4.868574842780446 1
4.876181049627414 1
4.888300646469316 1
4.8892019564261915 1
4.892972038827625 1
4.894447891400096 1
4.895886095374697 1
4.897300436634993 1
4.9019149258068175 1
4.907760161538343 1
4.909811794465719 1
4.91605387775679 1
4.916253774149075 1
4.917720806427253 1
4.918471859594593 1
4.923235084380808 1
4.925707142036695 1
4.929907454925673 1
4.937291905201378 1
4.942576863537119 1
4.9461379034015724 1
4.946419076923237 1
4.9498251185962845 1
4.950200334696686 1
4.950808471722191 1
4.95733242908136 1
4.957710097736529 1
4.9592194477758085 1
4.960816544263622 1
4.962462512980034 1
4.964151401559785 1
4.965000693637792 1
4.96527546320385 1
4.965639398385937 1
4.966950399632227 1
4.9804866886150565 1
4.988296730806759 1
4.992723541826109 1
4.994124183003689 1
4.994956354123787 1
4.995127299648469 1
4.996213471123438 1
4.99657997010279 1
4.998875563937242 1
5.0041372039227285 1
5.004410787597621 1
5.004749659178204 1
5.007024208974646 1
5.007658988630259 1
5.0111814963998365 1
5.012159816762718 1
5.019698585282772 1
5.023167366527177 1
5.02615108950592 1
5.031393973488682 1
5.033117005555933 1
5.034953830724298 1
5.035230961325769 1
5.036366594664766 1
5.03723007369592 1
5.037500262984596 1
5.040447527671726 1
5.042774418335737 1
5.045122222001903 1
5.0460844035324595 1
5.050212540985152 1
5.055609081866753 1
5.058040751361852 1
5.060088767180901 1
5.060122212619667 1
5.06101011092879 1
5.065580029117432 1
5.074287160955798 1
5.08071706742854 1
5.081503447434931 1
5.086555908093635 1
5.091061794564001 1
5.0933725770479334 1
5.094841898302138 1
5.096031045847658 1
5.10416335198431 1
5.106395537408916 1
5.107965988555677 1
5.125264901362886 1
5.125975748926779 1
5.1270426726897504 1
5.1283745077256215 1
5.1341805175886766 1
5.140243667492894 1
5.140723529553632 1
5.143229867244312 1
5.146079181029501 1
5.155688824516671 1
5.156352497123058 1
5.157514446600293 1
5.162555626274352 1
5.163053783938749 1
5.165692077636091 1
5.1663437237143714 1
5.1673666689262285 1
5.1699291275153385 1
5.174813670754348 1
5.175041909647652 1
5.178375246660112 1
5.179280899254024 1
5.1926036490845595 1
5.195582497326456 1
5.196162198193671 1
5.198112922881943 1
5.2002986139106895 1
5.204886436688425 1
5.206560919105113 1
5.209028760241574 1
5.209798743637434 1
5.210742139242623 1
5.217153825631651 1
5.225400229859053 1
5.230419839782444 1
5.233299838113141 1
5.234308379765807 1
5.240164221908058 1
5.241136705652667 1
5.2429263539123285 1
5.244481145583207 1
5.246996065186843 1
5.2471630407445815 1
5.247267104795343 1
5.253805062380751 1
5.254456125055183 1
5.259967422957106 1
5.267002813664199 1
5.273226853368404 1
5.2751809080925005 1
5.276311120227539 1
5.276955999084242 1
5.280805163723544 1
5.285158464660267 1
5.291122223528348 1
5.2912296799752285 1
5.300518203874004 1
5.301180486197866 1
5.302529429861262 1
5.303119117264411 1
5.303278379230703 1
5.306259665749352 1
5.310017219968302 1
5.311509149615818 1
5.315549628549153 1
5.319001630634436 1
5.3349969763659315 1
5.335055174680648 1
5.3377072010099225 1
5.3488490009121525 1
5.348853320403664 1
5.355403437303366 1
5.364218356130485 1
5.3699780119876905 1
5.371991633667344 1
5.374444888670747 1
5.375621735998409 1
5.382543503579417 1
5.388579728291859 1
5.392706415484296 1
5.396301349810256 1
5.404655359719764 1
5.409431369293469 1
5.410083448402125 1
5.412533265577549 1
5.415857803456547 1
5.421773781070856 1
5.42618393038451 1
5.427942072077483 1
5.443553233824513 1
5.445121917776731 1
5.450144631491373 1
5.451455424955403 1
5.457465685351892 1
5.458725046007801 1
5.460987154802164 1
5.4646091519055915 1
5.465505107735255 1
5.4678847727287945 1
5.468747210309068 1
5.474201654784749 1
5.478374772983698 1
5.483842057281027 1
5.485297516736505 1
5.485698664234962 1
5.486863014196531 1
5.5005640572976935 1
5.502052404220357 1
5.503717053321849 1
5.5096801714359644 1
5.513390748739588 1
5.5153123792033885 1
5.5329745802553205 1
5.538553605948448 1
5.5394378476043284 1
5.541850257739968 1
5.548118468613591 1
5.552230614525009 1
5.553656663590879 1
5.5603011446191415 1
5.564037426010891 1
5.582928313580794 1
5.590915490722916 1
5.592179627013077 1
5.596134361548248 1
5.604197394148291 1
5.6056583596864185 1
5.606190968335948 1
5.609852564385692 1
5.61572624396223 1
5.617657900753456 1
5.6188282740460656 1
5.625181501710589 1
5.635424924282097 1
5.636367452605477 1
5.637691267075892 1
5.6381738823992 1
5.6402040760785175 1
5.641003416032671 1
5.642267547157522 1
5.6500682066272425 1
5.652011876177506 1
5.653113557474831 1
5.653690924929843 1
5.656222568940277 1
5.661388483408861 1
5.665401536636796 1
5.669093806912727 1
5.6779943869866285 1
5.678492750458702 1
5.683189185368673 1
5.684654159764897 1
5.6876827035095054 1
5.688265724933799 1
5.689628451202098 1
5.689938178748157 1
5.702015921636485 1
5.705594826497305 1
5.708322634790778 1
5.713308884843224 1
5.718220436707197 1
5.7206160887067865 1
5.721713715510316 1
5.7366048493987085 1
5.737949269614804 1
5.7380107869722785 1
5.7435819825920476 1
5.743769646647165 1
5.7459548373805385 1
5.746933082594258 1
5.750804013273626 1
5.7527761743693375 1
5.754560016879977 1
5.7557881778728675 1
5.7592595572247145 1
5.759578063175361 1
5.772044306391545 1
5.772701790329768 1
5.7841355857841705 1
5.787180023741722 1
5.7872536584975744 1
5.7911092237018735 1
5.7912124137369965 1
5.792269679412321 1
5.7935881329793775 1
5.796946620496103 1
5.799188279837918 1
5.804685743576021 1
5.805898934673452 1
5.8157342914330545 1
5.818683763861966 1
5.819421505652793 1
5.820088408286506 1
5.820413084273123 1
5.822363169110477 1
5.827611600540387 1
5.828541312433478 1
5.829274888349367 1
5.83968241056841 1
5.840087759703523 1
5.851157311553844 1
5.859924309095158 1
5.862006724018879 1
5.8711558822439684 1
5.881880317366212 1
5.8841154308621535 1
5.884815951502075 1
5.885054655608343 1
5.88973214181675 1
5.892625171093584 1
5.893212890341423 1
5.893409867693577 1
5.900816003052762 1
5.900877097162653 1
5.9012554085137205 1
5.904360180757863 1
5.905683664882845 1
5.905943586606028 1
5.912355461872249 1
5.918119725648543 1
5.918758336065848 1
5.922730487029425 1
5.924304893626776 1
5.9246475749270475 1
5.934587586548809 1
5.934712643562407 1
5.943920518342923 1
5.950158499189764 1
5.9533779772077 1
5.95439702999205 1
5.965267644422813 1
5.968193421260729 1
5.972238199739207 1
5.980756445691407 1
5.981821550695188 1
5.987904302666782 1
5.9972217650972555 1
6.000847933218447 1
6.008697307552769 1
6.01047781400342 1
6.024872246926223 1
6.0253280214501705 1
6.026178000816241 1
6.027207990710303 1
6.03320423024899 1
6.037215108922057 1
6.0405998679084565 1
6.0635397167731515 1
6.069684115939688 1
6.075745740079582 1
6.081294008021604 1
6.081323903738992 1
6.082846273576982 1
6.089041712899865 1
6.091459847677506 1
6.095585213973918 1
6.099434062606785 1
6.099918958725274 1
6.10125596669443 1
6.104064705157088 1
6.105562478511341 1
6.112235478945415 1
6.121290527857617 1
6.12740625730685 1
6.127785230953164 1
6.130755200834633 1
6.1359345655047575 1
6.148781460126532 1
6.152843851317503 1
6.155179066961473 1
6.158420808331599 1
6.185228090719899 1
6.1881536737630585 1
6.195752543741733 1
6.200106993152423 1
6.200834403618934 1
6.207352770475956 1
6.207486749040162 1
6.2120035594691485 1
6.216129586864115 1
6.217807450054687 1
6.224286333686242 1
6.224604910707357 1
6.226226264565197 1
6.228039660302672 1
6.228500183509246 1
6.230038772967754 1
6.236985558502612 1
6.2508209870591465 1
6.251266886486696 1
6.255402607044588 1
6.2562526508633285 1
6.2672538199418835 1
6.269084859727802 1
6.269253975778978 1
6.2917716373727135 1
6.2947984089616575 1
6.295309921730636 1
6.296633292385653 1
6.297273136299074 1
6.298081539387192 1
6.317002965558433 1
6.317818607162576 1
6.325577300519344 1
6.329976653279082 1
6.330320458548084 1
6.3364424027769735 1
6.337490141874932 1
6.344553244242276 1
6.348237182748637 1
6.350065065340103 1
6.353487180752468 1
6.3577891789966845 1
6.359577829903863 1
6.361022672792816 1
6.365568316997108 1
6.368781698132608 1
6.373089480102574 1
6.375091612874204 1
6.375961778324771 1
6.382832807281709 1
6.392648092940129 1
6.397592100687971 1
6.403516355101153 1
6.412100732264881 1
6.412211082497742 1
6.41478313415351 1
6.436543076158777 1
6.443446451380639 1
6.44665292435843 1
6.4492479701578285 1
6.456937908896933 1
6.460553117106688 1
6.46378155172284 1
6.464890111937818 1
6.471354542090392 1
6.493846122386312 1
6.497206456238099 1
6.497259505174183 1
6.4991466840313805 1
6.502902672038598 1
6.505136845278003 1
6.510452200400173 1
6.516061975308238 1
6.518754475489898 1
6.533293171211435 1
6.536120380599562 1
6.540419246238678 1
6.543654661948537 1
6.545996453029013 1
6.559638121678946 1
6.56031716538789 1
6.566489511103254 1
6.577437172389457 1
6.579540294597878 1
6.583133396621497 1
6.5863747238944255 1
6.593246506992098 1
6.595028215364728 1
6.6033636944238285 1
6.608898488944481 1
6.608975873546706 1
6.615068638462947 1
6.617527819991682 1
6.624451052148066 1
6.628217646433053 1
6.63570871938993 1
6.638581199448555 1
6.6407858524947825 1
6.651258000934378 1
6.65602879327529 1
6.663390035099894 1
6.663863517455004 1
6.668206115357566 1
6.670595623720933 1
6.684028145286945 1
6.687149215767204 1
6.694229548714618 1
6.7027627777507695 1
6.71079771841489 1
6.712752117185503 1
6.728690497752942 1
6.741159635638429 1
6.747374995870067 1
6.765690013410142 1
6.767251048446457 1
6.769277720590563 1
6.769990103348876 1
6.797988241774825 1
6.798184147163807 1
6.805215365179848 1
6.807318309177448 1
6.811236671962585 1
6.81823395035472 1
6.821259576010437 1
6.824525923250578 1
6.825834036943989 1
6.829566156088793 1
6.830927862799262 1
6.839256921370566 1
6.847808383490534 1
6.848220956501293 1
6.849514883623493 1
6.854629454794399 1
6.8554624818413785 1
6.856708717573565 1
6.859618122869352 1
6.862815754163318 1
6.866873480408111 1
6.868440573806548 1
6.869550746781032 1
6.8739417420410724 1
6.875520610421707 1
6.876398546153176 1
6.8818418675435815 1
6.88447275125305 1
6.8870361794614805 1
6.8930570685336985 1
6.901232061250262 1
6.9044511097115935 1
6.911030129271222 1
6.911550527097321 1
6.914276827037302 1
6.920823909860211 1
6.932633202449518 1
6.933572449212738 1
6.942557654398668 1
6.955480433623525 1
6.962009534152523 1
6.977703906387423 1
6.98399631985005 1
6.9851182173919115 1
6.9981166266965875 1
6.999477890147383 1
7.000175566535269 1
7.0077068471521855 1
7.015832960500736 1
7.0185485034154205 1
7.033861731517426 1
7.036003438964027 1
7.043940352804278 1
7.0474034618627925 1
7.055193918322925 1
7.06233620591264 1
7.063378654043693 1
7.068292035263897 1
7.0696401073726705 1
7.074755203897365 1
7.077293517750702 1
7.081097300268568 1
7.0823926102074575 1
7.089295937214311 1
7.097584406421789 1
7.107646324191505 1
7.1233408527532625 1
7.130035978183392 1
7.132473857280548 1
7.13557974936697 1
7.136442106976753 1
7.139264500287889 1
7.150063937301947 1
7.1529471222926375 1
7.162836117298753 1
7.168618869109171 1
7.175327450195431 1
7.18089953812442 1
7.181776086604401 1
7.190523434830188 1
7.192457530421 1
7.196897998111699 1
7.197715897281459 1
7.218089425437193 1
7.223567503409147 1
7.224786018323204 1
7.227752403887159 1
7.247882851556053 1
7.250153803770186 1
7.257104644971857 1
7.2615153165378175 1
7.264472817918187 1
7.265825361220896 1
7.279112359253165 1
7.2823945146151585 1
7.2843638919315525 1
7.29202864408016 1
7.3080639136256895 1
7.314355107280858 1
7.327851265766702 1
7.3301659067936065 1
7.335079515405406 1
7.33718226838452 1
7.338096527081717 1
7.341688254472443 1
7.357608654964643 1
7.361137178447969 1
7.365893792082702 1
7.366906678402383 1
7.380158976561402 1
7.385182013594997 1
7.389720205424634 1
7.393949253518387 1
7.394126588141062 1
7.398698985693118 1
7.398776618928903 1
7.405436795911008 1
7.413819922179348 1
7.424116473417657 1
7.431727260880945 1
7.4387397127069725 1
7.4447203094575585 1
7.448944048744402 1
7.4491741025871505 1
7.455244691840411 1
7.456652687208635 1
7.466762789211283 1
7.467848762872226 1
7.469015638120798 1
7.470272672013816 1
7.482369905693601 1
7.489831219437997 1
7.491247117729594 1
7.492673833838291 1
7.502259269913106 1
7.523630257755357 1
7.540280181781401 1
7.544121216168437 1
7.550967317561496 1
7.552620435729627 1
7.555795144244857 1
7.559778982600478 1
7.569164958462865 1
7.575280733956284 1
7.578716569125955 1
7.579461031125777 1
7.587626572744517 1
7.594089810143213 1
7.594896944718952 1
7.600139678406764 1
7.602250766440929 1
7.605197984847736 1
7.609183536324703 1
7.610542082825563 1
7.626500135221727 1
7.643594218047456 1
7.64398660979994 1
7.645851046254084 1
7.648851122690492 1
7.650457634396845 1
7.65335208993746 1
7.653507226073311 1
7.658801085509725 1
7.661853236159724 1
7.663514007608475 1
7.66535013794613 1
7.667414786087897 1
7.669061014622705 1
7.6752128384461535 1
7.6762695922994695 1
7.6842021613156435 1
7.685839672499558 1
7.6921967713970005 1
7.692846019684413 1
7.701365276162623 1
7.709996764144558 1
7.711858172122271 1
7.712072701827841 1
7.716572448424263 1
7.723455876142149 1
7.736488038444048 1
7.737136808509621 1
7.739039272872056 1
7.74367968490165 1
7.7454167589559955 1
7.749502124243648 1
7.757089070397789 1
7.761978535956705 1
7.766466890781813 1
7.768379921802516 1
7.774743165775798 1
7.780984829604412 1
7.783183413624911 1
7.7962029186826305 1
7.800651005540501 1
7.803058798444399 1
7.812167306139183 1
7.828915526172298 1
7.830096212108049 1
7.836320908629142 1
7.863980872592899 1
7.874865244765856 1
7.882829402621306 1
7.8968897244793785 1
7.9042155879973155 1
7.912491152115959 1
7.918495239331166 1
7.934270185920553 1
7.941115117535917 1
7.947552334892478 1
7.952064407441293 1
7.9640757075809585 1
7.971519443802099 1
7.974927407660783 1
7.985914043278124 1
8.013666726780436 1
8.030449366651528 1
8.032461947337524 1
8.032472657722748 1
8.033486240051467 1
8.036872756160344 1
8.041099670006776 1
8.0427242958967 1
8.063151915325777 1
8.063872893601012 1
8.079886724930443 1
8.097948033633767 1
8.122417101730463 1
8.124941199628493 1
8.125274672080959 1
8.12680472379626 1
8.131797992330938 1
8.136001501584897 1
8.151986775941772 1
8.155261535850178 1
8.198101564299122 1
8.20367073436942 1
8.211701595315931 1
8.224919518066011 1
8.227196078788504 1
8.25597720232064 1
8.261388626205234 1
8.26143992994432 1
8.269027537702286 1
8.276078742293215 1
8.29911890579088 1
8.309906098490734 1
8.311763660128111 1
8.344995615837686 1
8.346820625225485 1
8.363198308334423 1
8.369052509303572 1
8.37304566354655 1
8.377982477880785 1
8.39094853024867 1
8.406610939655929 1
8.425287916071808 1
8.433056614918957 1
8.436248643481179 1
8.444762368408119 1
8.445553528732804 1
8.460637001889905 1
8.466984474694423 1
8.469673925022898 1
8.510418982340967 1
8.527994862284372 1
8.537354188887656 1
8.55831564991375 1
8.567622813292303 1
8.570503968211886 1
8.589538989644497 1
8.596364644343685 1
8.596981292976661 1
8.611830477703629 1
8.616082059391559 1
8.62972644335885 1
8.635570688163401 1
8.635657630270044 1
8.638794691086973 1
8.653373963343858 1
8.658772844893178 1
8.674450040929568 1
8.676162063270644 1
8.676789434855745 1
8.679226568798441 1
8.705330419184916 1
8.707161092952553 1
8.714366306756885 1
8.715617242274499 1
8.72402632471152 1
8.740322069742394 1
8.740569534032343 1
8.744962720024498 1
8.753019023042782 1
8.781668568648106 1
8.783516216615759 1
8.801433269371483 1
8.812540711406124 1
8.818522788745655 1
8.85804427381307 1
8.873398833871876 1
8.87561978752999 1
8.878583646195729 1
8.892902102951295 1
8.907757109067566 1
8.914187590653878 1
8.93252738336977 1
8.932918921575698 1
8.939010941660833 1
8.948681336538181 1
8.9619289446926 1
8.972752505847694 1
8.985678071336219 1
9.004850260406082 1
9.007155266812678 1
9.011119183206148 1
9.044235376917213 1
9.074701825140684 1
9.106649548748274 1
9.108348798456568 1
9.113164643554247 1
9.11778800528944 1
9.121117522797702 1
9.12395090081471 1
9.125974773681827 1
9.128283107171713 1
9.14265254596855 1
9.148253515802816 1
9.155101338369569 1
9.155691496531132 1
9.170354408203572 1
9.172248460685305 1
9.187665833344822 1
9.188436118470856 1
9.188953820454726 1
9.19504374340592 1
9.197106477746717 1
9.215113460571011 1
9.22992004683653 1
9.238946804338935 1
9.256235396456594 1
9.263240477082084 1
9.264459455457756 1
9.28243719082632 1
9.3201224251065 1
9.32980501665316 1
9.334127467937208 1
9.337987399527746 1
9.34472378879891 1
9.360152193697584 1
9.379793829760562 1
9.386618309800776 1
9.394758194121618 1
9.411272137959347 1
9.41255662748343 1
9.416402121153114 1
9.425374712706978 1
9.43120457005062 1
9.43342395082374 1
9.448735805124905 1
9.454752437095847 1
9.455188402262447 1
9.467588117201435 1
9.469197939115286 1
9.512822423321087 1
9.516506029350513 1
9.530928202218183 1
9.557121900363855 1
9.569954498373075 1
9.576638976342856 1
9.591112118859774 1
9.59851834297792 1
9.610674052311976 1
9.62330385512882 1
9.626395757771895 1
9.63723717023775 1
9.65308739933484 1
9.661992875147936 1
9.681504127207447 1
9.682038154086753 1
9.703432544369576 1
9.71622175678171 1
9.718283385486966 1
9.718896375700476 1
9.732625657075198 1
9.747088030309893 1
9.75675775936811 1
9.758487336181146 1
9.776680036551447 1
9.808842345921 1
9.829592344765564 1
9.830509729942868 1
9.837866664853632 1
9.855161624937788 1
9.871030906481264 1
9.900683792403038 1
9.901979691326524 1
9.929713343770324 1
9.960191095411258 1
9.96215007722069 1
9.969284808218235 1
9.974397284308914 1
9.99605825678331 1
10.026873053899324 1
10.03370613855621 1
10.035539513143684 1
10.048736874031356 1
10.055808296897832 1
10.064411755380569 1
10.078237322855012 1
10.089926461794454 1
10.09678894639344 1
10.115570864784068 1
10.139647797715064 1
10.183789303382524 1
10.184791643522432 1
10.198489896310768 1
10.214620898506306 1
10.216815196819958 1
10.228193384240019 1
10.254036640615366 1
10.254774159304603 1
10.272456956679347 1
10.27961383250372 1
10.282228054566838 1
10.304322003544902 1
10.30626408396252 1
10.319976598307488 1
10.326267849169007 1
10.335418310400426 1
10.34176468246986 1
10.366920847992567 1
10.376487029569864 1
10.380250866484321 1
10.383695372176387 1
10.393881249092727 1
10.397244504932146 1
10.403249794331755 1
10.432708400792604 1
10.434098548379136 1
10.44067324683616 1
10.445240304713757 1
10.46959918711162 1
10.504696318461804 1
10.509782381448632 1
10.569807747594213 1
10.573078556402628 1
10.585355738934132 1
10.592848834523151 1
10.624541137339932 1
10.629280503921182 1
10.664067044503673 1
10.687011874178916 1
10.699794879334133 1
10.715214880042902 1
10.735797983189846 1
10.73608154342724 1
10.737723014547967 1
10.758415123732183 1
10.759936048121064 1
10.77260165912271 1
10.792497901061148 1
10.794721197954038 1
10.796043807959833 1
10.811590266747567 1
10.833119499485576 1
10.838142341564868 1
10.855236938713954 1
10.885685824826654 1
10.897536844593933 1
10.899881511840244 1
10.909760237011707 1
10.909794870514492 1
10.922451438968404 1
10.939165075280403 1
10.954674756170816 1
10.966785598316568 1
10.969482441496732 1
10.972699744676776 1
10.974634579936733 1
10.984547385014606 1
11.004529473465096 1
11.020538277441778 1
11.060717596640078 1
11.077085035648974 1
11.07868380997603 1
11.085916098337192 1
11.116566360717338 1
11.157114655609584 1
11.16625834788478 1
11.16705366847223 1
11.285368415524651 1
11.352033295399606 1
11.355761090354097 1
11.374794934300336 1
11.392117284368114 1
11.41250802290125 1
11.422320890390374 1
11.434976182851658 1
11.439459494546561 1
11.440961419841768 1
11.44859237123 1
11.450589879008412 1
11.500128257784715 1
11.521046713503704 1
11.544204952170535 1
11.545707882260231 1
11.556869357851374 1
11.567036570274789 1
11.569098334789196 1
11.584084563449672 1
11.588996700466659 1
11.624098888645149 1
11.659338935261733 1
11.679098233417829 1
11.703054204893107 1
11.706285261237044 1
11.732300506130787 1
11.751049766008304 1
11.755161216370533 1
11.759694487561704 1
11.826089762390124 1
11.829490464711485 1
11.849209161212547 1
11.861803548854745 1
11.867580691403631 1
11.868032192401163 1
11.869725981245404 1
11.871461088424187 1
11.935416903250385 1
11.986119688486196 1
12.024002618361926 1
12.049516392236205 1
12.062815723865102 1
12.101707821913635 1
12.107346795816307 1
12.11349256362046 1
12.117586146308865 1
12.17041929085858 1
12.18145446087728 1
12.19309982316936 1
12.20085147079514 1
12.201727581806665 1
12.222141232561116 1
12.235079258497816 1
12.27303231645294 1
12.297827669857115 1
12.310318549847484 1
12.345676323769972 1
12.353480246789394 1
12.427959786957901 1
12.43584597180532 1
12.447498046965359 1
12.450001468771465 1
12.45681297310426 1
12.508869619531954 1
12.527273694168866 1
12.54575263225996 1
12.557517119253259 1
12.603272689958912 1
12.603386931707393 1
12.615402752136186 1
12.686148918221129 1
12.691120408146661 1
12.729020426866116 1
12.745870331421607 1
12.756427936265524 1
12.756778617920856 1
12.767859567002864 1
12.768512128743387 1
12.788910500652776 1
12.798041469219852 1
12.85026258550251 1
12.862323844182534 1
12.914717484003349 1
12.930167340604498 1
12.990103904501714 1
13.013365591906402 1
13.016077068349745 1
13.03238413034107 1
13.0595891823069 1
13.081305870192162 1
13.083710042930267 1
13.104818976147099 1
13.10789462388018 1
13.153556918952296 1
13.188344239066124 1
13.193588805554526 1
13.204044523369213 1
13.20731644653106 1
13.239534447383456 1
13.274089477234465 1
13.276234869396966 1
13.28038419111519 1
13.28326227227435 1
13.291347796476545 1
13.305177334613607 1
13.311012882904222 1
13.322840190087149 1
13.35922610047488 1
13.361711659110801 1
13.429102050257661 1
13.438812881842475 1
13.493214786347206 1
13.496303223819135 1
13.50645069063406 1
13.532468160401432 1
13.53365541003656 1
13.557775946361463 1
13.567949025361015 1
13.626652277274028 1
13.64514139598696 1
13.673951210120293 1
13.684812572561672 1
13.746267906943347 1
13.796477706104664 1
13.796823555839179 1
13.835159480733545 1
13.876568074944046 1
13.897542142268788 1
13.943664665149393 1
13.953124412019678 1
13.97583635156846 1
13.98524309337176 1
14.004382169692738 1
14.021417986796141 1
14.022960776022568 1
14.072100893398252 1
14.07935131575307 1
14.135989547071883 1
14.154857005812206 1
14.180745857182815 1
14.21045543460384 1
14.277691116502213 1
14.279172435047968 1
14.288696758169026 1
14.336274191821255 1
14.363593233683035 1
14.388293893961976 1
14.39161427657616 1
14.398264265813316 1
14.45795194992987 1
14.464568855666347 1
14.528329292007882 1
14.561188605808521 1
14.561588531292296 1
14.591338513609884 1
14.661758286609805 1
14.698898420626408 1
14.711221639391635 1
14.800916749996981 1
14.803137031500931 1
14.847519116666367 1
14.862945956865607 1
14.869443136960635 1
14.910577278914511 1
14.927146862564852 1
15.006881829228055 1
15.008796775276744 1
15.01824485357832 1
15.038527299373069 1
15.054979229393703 1
15.055684053372525 1
15.061250466474366 1
15.119849032558891 1
15.144089808112767 1
15.186377904331284 1
15.195654779903949 1
15.2216929566642 1
15.26518602198956 1
15.270815328909714 1
15.305158785580305 1
15.306860866564719 1
15.339266918593903 1
15.390921925528293 1
15.409934995543782 1
15.411172525791939 1
15.428084604217686 1
15.438151320328153 1
15.515769652573022 1
15.51782143203176 1
15.55866221152328 1
15.563330211844844 1
15.570417078999586 1
15.581424923141615 1
15.726915130312245 1
15.732610123816032 1
15.746119303965928 1
15.762745702974751 1
15.763614982850585 1
15.840319210134535 1
15.922126292866047 1
15.929717077544675 1
15.937907103595789 1
15.949540483056754 1
15.959897884103697 1
15.997699817623165 1
16.094717906371304 1
16.163495524988118 1
16.189148233860443 1
16.230932871018894 1
16.26573527238101 1
16.275867823163193 1
16.284375745060316 1
16.285154188826787 1
16.305100787397745 1
16.307001552044653 1
16.338710424411587 1
16.342928639120778 1
16.383352886390472 1
16.44067500302794 1
16.475064907550507 1
16.50157395652201 1
16.534814468526637 1
16.567831424382796 1
16.616852022071107 1
16.626478072169668 1
16.628542515863472 1
16.65472389117123 1
16.65993847371726 1
16.704227521013426 1
16.709860121697613 1
16.806521222722974 1
16.810068972967265 1
16.926262712329045 1
16.935175089879447 1
16.949314729281394 1
16.99226053182907 1
17.02668291921327 1
17.09091621199305 1
17.104774928578788 1
17.237706719124862 1
17.238084545595733 1
17.330521250588895 1
17.347833608675106 1
17.363439713188345 1
17.413022222380473 1
17.444486021277353 1
17.463494736555308 1
17.50372809640196 1
17.52712552861438 1
17.547439582253617 1
17.557601488098914 1
17.598607684036207 1
17.690671512006375 1
17.69428899468092 1
17.71413427121396 1
17.720221914205908 1
17.727637547093753 1
17.850619448379128 1
17.85423381330085 1
17.93369046353044 1
18.049725074819328 1
18.05307343867064 1
18.09752206039426 1
18.159723146382547 1
18.217339116096422 1
18.21901987192789 1
18.250617371314608 1
18.27153509088737 1
18.305974490296176 1
18.340827035624866 1
18.463144096119485 1
18.520353143367327 1
18.59559722713844 1
18.604197743972954 1
18.66804911630939 1
18.684000839490604 1
18.71363112073808 1
18.758070059928073 1
18.76352378396572 1
18.775081702346935 1
18.814228579929377 1
18.836603030450533 1
19.03748213678052 1
19.060265138933673 1
19.10656753453318 1
19.136744188018454 1
19.279507333989734 1
19.304903069947084 1
19.32023099078173 1
19.3221244008447 1
19.344503193630267 1
19.367398708647737 1
19.371483037997738 1
19.419554295590373 1
19.421358185654725 1
19.451461062331433 1
19.50917621491154 1
19.509514807509746 1
19.528895789826546 1
19.601129684735998 1
19.62302665581038 1
19.87099555862804 1
19.877711419592774 1
19.962548713826816 1
19.973075735187766 1
19.9920636080702 1
20.002773153546773 1
20.004561697183803 1
20.070838315535244 1
20.160162956535725 1
20.21611783499236 1
20.305319576358272 1
20.364084302471213 1
20.514633810946933 1
20.63460248554412 1
20.724605370967744 1
20.737890246419173 1
20.779831905055552 1
20.783916126130354 1
20.79374080282535 1
21.011259966586984 1
21.08678141726658 1
21.111189465447904 1
21.18754610161248 1
21.221788193862995 1
21.51504303013891 1
21.549650587518816 1
21.635090917526647 1
21.653538296052307 1
21.688033467559567 1
21.76501905893403 1
21.769171477133728 1
21.783530672611604 1
21.937258938451095 1
21.958796017305783 1
21.98648114516747 1
22.023481026310357 1
22.023830244993306 1
22.093596933903772 1
22.10331227025386 1
22.281306527103396 1
22.49563876213733 1
22.567793605754385 1
22.608582340973946 1
22.68751881906353 1
22.69750818919053 1
22.707858250689807 1
22.715436717481822 1
23.01872152573757 1
23.033541646974346 1
23.07154511181247 1
23.1893287154186 1
23.426926404346123 1
23.454005823308805 1
23.48159287159276 1
23.49138041999127 1
23.49587805467336 1
23.49854125823032 1
23.557782518125073 1
23.619275230968395 1
23.960168252392034 1
24.02450404603091 1
24.061620606142768 1
24.228448203616825 1
24.229935055139524 1
24.2718642570936 1
24.523050242576666 1
24.546183446302802 1
24.568655521544105 1
24.753981278994818 1
24.785841983001127 1
24.859794978112078 1
24.87597810586082 1
24.904493853913287 1
24.981887837453225 1
25.04506369492135 1
25.05110025466611 1
25.205135810170322 1
25.207792941608087 1
25.217634322287807 1
25.523230974009852 1
25.67448438206347 1
25.75496408115877 1
25.97098146066001 1
25.972882405753932 1
26.202532106592393 1
26.37396316413248 1
26.38340856893456 1
26.507824674455822 1
26.516728123915485 1
26.53022201142429 1
26.57652233261114 1
26.607217936980323 1
26.78945761086091 1
26.818050982120734 1
26.951184820064906 1
27.008856954413012 1
27.13471390174471 1
27.202732582513104 1
27.23808637613171 1
27.297381207856613 1
27.435587502344195 1
27.58565781261816 1
27.88123200033147 1
28.01205518020048 1
28.086901247209283 1
28.161406998286328 1
28.39148815531497 1
28.45968105973835 1
28.530343119945016 1
28.552284585308403 1
28.78896977105993 1
28.866689314282713 1
29.02160822876833 1
29.0536321231372 1
29.408579168795907 1
29.424771236071035 1
29.547992983387925 1
29.796995120241245 1
29.83562796637796 1
29.835986979352196 1
29.977900573978648 1
30.305509720639282 1
30.492806284545846 1
30.609492970772983 1
30.678206897556773 1
30.812509539362683 1
30.833628740584054 1
30.917418906314072 1
31.046632089012853 1
31.062733378155837 1
31.084784881296663 1
31.34947326915053 1
31.54081986746468 1
31.757461020234853 1
31.821792809368787 1
31.877647467994947 1
32.176515035992644 1
32.18937046243229 1
32.226541193023 1
32.30223830986545 1
32.35885712607559 1
32.39931481995507 1
32.61369765477008 1
32.645215593149665 1
32.98082847623363 1
34.646935189454425 1
34.657025346044094 1
34.76864290682358 1
35.092792696129685 1
35.09913988632522 1
35.401886937750525 1
35.926409895933226 1
36.13806121979553 1
36.16336166464351 1
36.186326080278285 1
36.284526207024726 1
37.32746007257442 1
37.647600074118095 1
37.74511807441458 1
38.05920453760066 1
38.280737305135744 1
38.57810696295219 1
38.769589811964686 1
38.850023384482704 1
39.35334344305272 1
39.42571983229807 1
39.62187361285246 1
39.797357364822304 1
39.997027542737634 1
40.010853709554574 1
40.42777956760885 1
40.73017808819913 1
41.00764684390225 1
41.57999780150871 1
41.88391478785461 1
42.09847792564763 1
43.14074545438515 1
43.22873647128997 1
43.45143157487579 1
43.562786440601165 1
43.86704294710367 1
43.92418238398247 1
44.98136068251039 1
46.034854011412925 1
46.134110894220115 1
46.548166157724324 1
47.5871173410689 1
47.59526176852435 1
47.924144429562894 1
48.537750939395806 1
48.64861399257222 1
49.584582504444406 1
49.68431672020144 1
50.95911569291229 1
51.086136236804116 1
51.912065955302346 1
53.16311699490984 1
53.9309923295306 1
53.977978135958274 1
54.28454113930471 1
54.925471480227564 1
55.54511278568263 1
55.562438924435845 1
56.930177608230494 1
56.95270060580746 1
56.9667711933676 1
57.31381862052472 1
57.390633588003816 1
57.863453821369255 1
59.277650180747955 1
59.44853065167039 1
59.63886950121826 1
60.01973112968919 1
60.36620479074456 1
60.60832248590263 1
60.70946251062225 1
61.30985857608089 1
61.6909980281398 1
61.76877490946059 1
62.09338539200078 1
62.59394394553743 1
65.88213558192618 1
66.05447025027814 1
66.4560612177296 1
67.76136626426981 1
68.20346528001137 1
68.88600827525408 1
69.31821235980131 1
71.84739113600016 1
72.70037097680267 1
73.70117865122198 1
73.99402143962743 1
74.95436367836672 1
76.16852986695599 1
76.73626986448576 1
77.19937836783707 1
77.86506971115865 1
79.9435154733843 1
82.95543564709621 1
85.17503589992711 1
87.02552439497074 1
87.77065403644932 1
89.0343099076595 1
92.10743725388376 1
96.15747829673764 1
98.42221265206504 1
98.93289240703648 1
103.88171961831483 1
106.4768012369705 1
107.27180430007358 1
108.0339297527887 1
112.39248549394605 1
115.2301720965815 1
116.94227458552515 1
118.06216215606777 1
120.70561698316038 1
122.7223898883673 1
123.75475964682786 1
124.76446680378574 1
132.74732310744147 1
133.894502737401 1
135.37780248998408 1
135.87405804861106 1
140.67295073211105 1
147.10278483615915 1
147.18093784218698 1
147.5234527390937 1
147.71990685414846 1
163.53695476742263 1
174.2911568702043 1
181.21633953627608 1
185.57792825105145 1
189.66540776921929 1
191.7347684306424 1
207.278885135732 1
242.28109933225934 1
246.95406044605443 1
251.47665936565537 1
259.20857436025557 1
262.99861806787084 1
294.78870456717436 1
327.58565230330504 1
367.55550420334333 1
407.0675146221849 1
417.6274265888494 1
467.61523425289187 1
612.6295997677912 1
940.7229618228963 1
1341.7768804536604 1
1461.0851117590037 1
2527.1551588757748 1
5020.296227285438 1
9445.341599734942 1
288042.9884275477 1
327260.36434873875 1
375188.8740440789 1
532685.82068984 1
678609.8656150926 1
684290.7149066404 1
735453.414358729 1
799933.1328565377 1
1018792.6517426404 1
1493028.4394601346 1
1498226.8764584488 1
