0.3367427398898889 1
0.3574449480022261 1
0.3669855238745128 1
0.4070486952683981 1
0.4276481456218784 1
0.4280885077731234 1
0.4452042690636602 1
0.4478797226455013 1
0.4660495436736743 1
0.4684205694468386 1
0.5014582051782006 1
0.5051114677805475 1
0.5064398409495403 1
0.50666427261032 1
0.5399841494125471 1
0.542232656177319 1
0.5537338703702586 1
0.569041027513291 1
0.5760367394794302 1
0.582636703031982 1
0.5888457064943062 1
0.5975381498849855 1
0.6101617479369579 1
0.6103908845676445 1
0.610563813726704 1
0.6137204928240284 1
0.6169179614315815 1
0.6205867812569882 1
0.6213206744283587 1
0.6231706469052775 1
0.6237417230265955 1
0.6273124245802646 1
0.6304296850217213 1
0.6369630471392389 1
0.6369679238734807 1
0.6396309628228448 1
0.640350061543054 1
0.6419979492775401 1
0.6473576623394389 1
0.648513697009349 1
0.6515715159946222 1
0.6527728473498654 1
0.6538392501748291 1
0.6555379364059264 1
0.656614521094883 1
0.6640154061275108 1
0.6654171409818106 1
0.67538530047767 1
0.6781105122347438 1
0.6829023074272209 1
0.6926597800230715 1
0.7022557500873228 1
0.7031909050410846 1
0.7048656649847663 1
0.7053278777861534 1
0.7147744882497657 1
0.7188038514956406 1
0.7255232984643183 1
0.7258184828696711 1
0.7323833954133517 1
0.7345559876566577 1
0.7389828366376133 1
0.7398892144305599 1
0.7425554491568275 1
0.7429637692025894 1
0.7460325310060484 1
0.7490145553581962 1
0.7498599630236671 1
0.7506609101989927 1
0.7533587513681459 1
0.754793301758468 1
0.7608925152985373 1
0.7620287158007086 1
0.7653975723820187 1
0.7656949594862621 1
0.7660304639110448 1
0.76954076229726 1
0.771522478546135 1
0.7757699245851251 1
0.7758138516093639 1
0.7868723219766407 1
0.7889048509910654 1
0.7916033141452535 1
0.7918967225967156 1
0.7920742298970759 1
0.7942420897727538 1
0.8005912616075945 1
0.8019615972409626 1
0.8065934691101515 1
0.8075180170703542 1
0.8077116730312058 1
0.8081324647181417 1
0.8082546511593469 1
0.8105570493966253 1
0.8121979381053446 1
0.8138916977859887 1
0.819058156775618 1
0.8273241752260215 1
0.8284782499299342 1
0.82955792647682 1
0.830225583907374 1
0.8320890921329732 1
0.8352838070716627 1
0.8359359858698873 1
0.8369234192086059 1
0.8398317666530175 1
0.8403657859654811 1
0.8413539453665052 1
0.8425190243441671 1
0.845464098277574 1
0.8511316357624457 1
0.852372680416248 1
0.8586464168695925 1
0.8587638626543564 1
0.8603200652423669 1
0.8636318290583828 1
0.8665914835959009 1
0.8710067047667321 1
0.8759814960328861 1
0.8784791952091725 1
0.8805246036428521 1
0.8815424725243802 1
0.8894778492921528 1
0.895313333690212 1
0.8954238640041261 1
0.896025861012175 1
0.8974143601868194 1
0.90383445215991 1
0.904445869038218 1
0.9060314749663324 1
0.9091458270973032 1
0.9119195137457308 1
0.9125917092012208 1
0.912651754794818 1
0.9206191078362148 1
0.9224534296510598 1
0.9250372380534096 1
0.9328166186194058 1
0.9342863566165278 1
0.9370043603745086 1
0.9392506496466904 1
0.9401288069603668 1
0.9419642196613176 1
0.942379485407874 1
0.9431287034922085 1
0.9440360570722832 1
0.9478280459993828 1
0.9486345737392212 1
0.9576700963327428 1
0.957736186571796 1
0.9584777053901032 1
0.9593934781676045 1
0.9607597770702894 1
0.9675366436461136 1
0.9686919943006812 1
0.9687130837548182 1
0.9703792143919764 1
0.9709605546553944 1
0.9738257043440718 1
0.9747203071335 1
0.9765287322177733 1
0.9766019959675984 1
0.9777460765238573 1
0.9785733335820452 1
0.9812049110750684 1
0.9829772765239174 1
0.9834334613260184 1
0.9834876264219043 1
0.9849850029430652 1
0.9870646297227936 1
0.993609772195708 1
0.9939501294995547 1
0.9959234342650232 1
0.9975657622545862 1
0.9981560006903698 1
1.000990903228791 1
1.003605151075715 1
1.010442811289062 1
1.014411516888281 1
1.01457453427016 1
1.017453806137769 1
1.017673426872208 1
1.0187290014639916 1
1.022649568977286 1
1.0246525089172789 1
1.0253122543754347 1
1.026530948253019 1
1.030412811766067 1
1.0328269383937163 1
1.0330119730716862 1
1.0367446822212596 1
1.0407700790317238 1
1.0422637087864342 1
1.04780590297245 1
1.0523492916064905 1
1.0528821361590142 1
1.0534161322752105 1
1.0566483958221815 1
1.0570210458590474 1
1.0578817099686435 1
1.05921027962714 1
1.0623914290008212 1
1.0629740173701734 1
1.063516945859607 1
1.0636955803280232 1
1.0638502588750909 1
1.0687713588710384 1
1.06965419535507 1
1.0704199802952707 1
1.0727628256601192 1
1.073040970216084 1
1.0740174402678269 1
1.0770618734666653 1
1.078125975960296 1
1.0798978954615277 1
1.0806325199804057 1
1.082620893140405 1
1.08650162648799 1
1.090642229470411 1
1.0906975079487409 1
1.0932421876957497 1
1.093453911583224 1
1.0965029451110917 1
1.097937052961272 1
1.1037189918672814 1
1.1045279503292156 1
1.105545824167501 1
1.1058280285149005 1
1.1070113921601996 1
1.110006858933988 1
1.1157468817858525 1
1.1160195869608354 1
1.1189871646724114 1
1.1204503395848515 1
1.1224876416762557 1
1.127548934719892 1
1.129588161238145 1
1.1331444706362168 1
1.1373567810883387 1
1.1383513552026914 1
1.1417559812782418 1
1.1430454410661908 1
1.1445510878317222 1
1.1473480119381374 1
1.1475576532107257 1
1.1481856908968202 1
1.148815506370431 1
1.1508309881881509 1
1.1511109192181708 1
1.1548829984618745 1
1.1589676684449182 1
1.1617293125973325 1
1.1626043163501556 1
1.163073478947784 1
1.1679973447995586 1
1.1686636005087714 1
1.169100466451263 1
1.1700286397845765 1
1.1702099341548482 1
1.1723328511627324 1
1.1724052153747118 1
1.1728331342277825 1
1.1767725263436029 1
1.1776438302732657 1
1.1780826538257485 1
1.1828163582327202 1
1.1867874774317415 1
1.1878301563945586 1
1.1886609241679755 1
1.1886755893649184 1
1.1888458452082138 1
1.1920639521184972 1
1.1986290481725088 1
1.199311943058249 1
1.2001507647139151 1
1.200473533069912 1
1.2005368964362142 1
1.2007419591345283 1
1.2032107568020185 1
1.2037522813026622 1
1.2040978212784157 1
1.2042036767117823 1
1.2047325155049848 1
1.2094916417850026 1
1.2111084344454688 1
1.2164050670122957 1
1.2179288670227892 1
1.220105252659254 1
1.22344161470762 1
1.2240794821965426 1
1.2265745359313336 1
1.2297784618675474 1
1.230140576645529 1
1.2303940877830395 1
1.2376485431010358 1
1.23824247720968 1
1.2383455660179257 1
1.239131104378688 1
1.2417023992656415 1
1.2435675251091456 1
1.244238509194694 1
1.2445375390412587 1
1.2458349082464124 1
1.2533395070914437 1
1.2549585381828818 1
1.2559062241294954 1
1.258519874526715 1
1.2607023665131645 1
1.2609859529387952 1
1.2639993620745555 1
1.2644544752588105 1
1.2647158586103984 1
1.2658270393282671 1
1.265976145401066 1
1.2684525139166831 1
1.268588957978748 1
1.2714837478775425 1
1.2739933605560865 1
1.2758052483178832 1
1.2816501844284642 1
1.2852881109889445 1
1.2862144575410974 1
1.286532097762051 1
1.286695877936575 1
1.2877022346918852 1
1.2897382654486218 1
1.2898175040536453 1
1.291729118452139 1
1.292959865360772 1
1.2975146562991302 1
1.2979479124280682 1
1.3014337979870292 1
1.303637875638456 1
1.3051018510445551 1
1.3074381808995077 1
1.3086550374935908 1
1.312142923405956 1
1.312719420177134 1
1.3133301028193944 1
1.3136650436807051 1
1.314811354668155 1
1.318783660179432 1
1.3196835953671002 1
1.321400696941175 1
1.3222341805472095 1
1.3237719164159671 1
1.3259435992706865 1
1.3260624331131534 1
1.3262631397264115 1
1.3312444393864713 1
1.331727642007983 1
1.336672252385426 1
1.336763695255453 1
1.3375880498221464 1
1.3390006770616691 1
1.3414441812688442 1
1.3430494807192517 1
1.3448646136828817 1
1.3462505245661776 1
1.3467711230419657 1
1.3468145786575936 1
1.3471414456520314 1
1.347278053912126 1
1.3508578835912757 1
1.3524761832938872 1
1.3541702521028256 1
1.3543279698056352 1
1.354938161172654 1
1.357044008747684 1
1.3579790020084914 1
1.3595629359038215 1
1.3609343001741103 1
1.3622650130993397 1
1.3633033248112587 1
1.3657810185989316 1
1.367573470924294 1
1.3685289876445863 1
1.3702878568780674 1
1.3726973167333862 1
1.3734328105944775 1
1.3751448881212942 1
1.3760519563558424 1
1.37726846376752 1
1.3775097483833134 1
1.37791466384567 1
1.3793810506620958 1
1.3802965949611166 1
1.3813933111259702 1
1.3814287757185586 1
1.3824253940909503 1
1.382755023153743 1
1.384262726124052 1
1.3861621592680655 1
1.3865396125097889 1
1.3899279967231597 1
1.392237893184169 1
1.3935586469573853 1
1.3938628975561709 1
1.3953509198311953 1
1.3967758242081632 1
1.3969205789705073 1
1.3991181181605783 1
1.4016823410883053 1
1.4044934113005436 1
1.4056124477522824 1
1.4058031063101826 1
1.4070590448607825 1
1.4070595618206174 1
1.4083732924916192 1
1.4090007958962552 1
1.411071813238128 1
1.41466561838092 1
1.4212846015192298 1
1.423159845429975 1
1.4244145856290444 1
1.424517680446022 1
1.4272276228179916 1
1.4298532188901942 1
1.4305714829163376 1
1.433731903174327 1
1.4342818366870764 1
1.4360928227164802 1
1.4390855788502492 1
1.4427796604916296 1
1.4471818350331738 1
1.4480072989027206 1
1.4493599368917036 1
1.4515795842808337 1
1.452154331502892 1
1.4537514625961017 1
1.4543081519436187 1
1.45567976431331 1
1.4602565259453553 1
1.460793671515403 1
1.4645272264112372 1
1.4655688138739853 1
1.4657147057708988 1
1.4657182691322073 1
1.466383311665869 1
1.4686616361590306 1
1.4747845018427863 1
1.4749315087679995 1
1.4756821145046588 1
1.4758540411212029 1
1.4766501425048064 1
1.4796745750710445 1
1.4798732171887607 1
1.4833705272254265 1
1.484809063496803 1
1.4851091206188338 1
1.4867501703037898 1
1.488694853049184 1
1.4893625236030408 1
1.489570918585585 1
1.4897377252510875 1
1.4917548264173106 1
1.4977991414319338 1
1.4982005054047312 1
1.5005952531328464 1
1.50219687277187 1
1.5070599947909689 1
1.5107938525514246 1
1.5109095512836948 1
1.5110539721384038 1
1.5124524108408448 1
1.5142921208432911 1
1.5143969949664402 1
1.5170075209429532 1
1.5170644016957628 1
1.517366097676066 1
1.5205745986550177 1
1.5219632010446886 1
1.5228348089568609 1
1.5242413439072484 1
1.5267186524520142 1
1.527003082764193 1
1.5281449255731792 1
1.533914579804784 1
1.5342603253585787 1
1.536152487063864 1
1.5397488348444524 1
1.5397531561462776 1
1.5451113666689589 1
1.5462287422476708 1
1.546541535823427 1
1.5499297032871735 1
1.5499319050573503 1
1.5514636903014998 1
1.5537602838656366 1
1.5544302375788834 1
1.554572472573697 1
1.5552801607918505 1
1.5557319192395878 1
1.5582527210452273 1
1.5585356085438735 1
1.5589804192153196 1
1.560403084551449 1
1.560481044547563 1
1.5619473361471 1
1.5636361203461866 1
1.5648299217845734 1
1.5651933562473903 1
1.565207250980612 1
1.5660919732148435 1
1.5679132180555466 1
1.569388605450354 1
1.5696533275479747 1
1.571443705054909 1
1.57405082870137 1
1.5750846247936967 1
1.575776059772167 1
1.5770168519053211 1
1.577982065979077 1
1.5781352878985195 1
1.5800525983812566 1
1.5860115912873989 1
1.588512674735021 1
1.5897920147247984 1
1.5938889273443495 1
1.5945995064064462 1
1.5978734192258903 1
1.602710841753456 1
1.6027906602501223 1
1.6040393847877827 1
1.6072081140811496 1
1.6089649791415566 1
1.6091373091166892 1
1.6093912515555755 1
1.6094286886299665 1
1.6109890203040031 1
1.612734108302731 1
1.6143275140210889 1
1.6145200129328996 1
1.6206278414611757 1
1.620752979066492 1
1.6212583043319626 1
1.621320211453032 1
1.6223693499952947 1
1.62261116087706 1
1.6236347211592974 1
1.6250887040350768 1
1.6273114842567478 1
1.628605827808687 1
1.6299225042444188 1
1.6307201644754905 1
1.635450053127488 1
1.6355426091911889 1
1.637616659908938 1
1.641825037694964 1
1.6419233337839625 1
1.6419388436856546 1
1.6421626143968575 1
1.6422893395271092 1
1.643914799788623 1
1.6447475082832317 1
1.6459718540659165 1
1.6463021404721003 1
1.646954781192287 1
1.6472125343377562 1
1.6472283510328407 1
1.6484914023690085 1
1.6526560194012088 1
1.654338694148732 1
1.6547324998168569 1
1.654969328222805 1
1.6555689793087662 1
1.6580181026524423 1
1.6603388671782446 1
1.6611093491854054 1
1.6614942337936125 1
1.6616280150094804 1
1.6620848723341994 1
1.662369161765635 1
1.6633130988907658 1
1.6635136032320992 1
1.6639157653871277 1
1.6639333388976318 1
1.6657412264819162 1
1.6665314991099918 1
1.667217094136484 1
1.6677104552501931 1
1.6690900072294756 1
1.6719345565564845 1
1.6730943458611636 1
1.6737586260955144 1
1.6749721871304668 1
1.6759152009336329 1
1.6774626261480603 1
1.678677817830884 1
1.6840152184579356 1
1.6858378793838558 1
1.685837985193744 1
1.686113326237901 1
1.6865225167599722 1
1.68737838902207 1
1.6874988708352945 1
1.6878618339070623 1
1.6911586586112377 1
1.6917035394224222 1
1.692742553516001 1
1.6929428984636776 1
1.6939154266720158 1
1.6949273949556838 1
1.7001755595547463 1
1.7006613585840014 1
1.7017284269391113 1
1.7020547267630874 1
1.7036406864117797 1
1.7037761571252636 1
1.706600344713716 1
1.70686902124051 1
1.70712713312379 1
1.710758767557239 1
1.7138662219261254 1
1.716331547758697 1
1.716579995360665 1
1.720838330380416 1
1.7215402678207332 1
1.7218180955164022 1
1.7232464793182292 1
1.723253266775626 1
1.726741852651715 1
1.7267573165737742 1
1.7271790591168363 1
1.7272667949062257 1
1.7278782501879126 1
1.728711122483683 1
1.7301367243945442 1
1.730300837960803 1
1.730695165181589 1
1.732128806629311 1
1.7339129039533494 1
1.73428150628688 1
1.7345360006151942 1
1.7361301668556155 1
1.7424246110905903 1
1.7429918525006356 1
1.743656562125286 1
1.7464346671274205 1
1.747020026013324 1
1.7470690838055196 1
1.7510967216187387 1
1.7536690425701411 1
1.7545449158553694 1
1.7549066192346665 1
1.7559013455120471 1
1.7571064218189332 1
1.7585510831847349 1
1.7589881098523756 1
1.759280966005235 1
1.76010573536137 1
1.7618860656132256 1
1.7632831670073092 1
1.763996991294441 1
1.7661609060703696 1
1.7672037817092547 1
1.7676727895715252 1
1.7679888696063264 1
1.76829913318343 1
1.770246903848508 1
1.7721955565391898 1
1.7731912786068518 1
1.775485807115291 1
1.777562040997525 1
1.7775741058200916 1
1.778284892962237 1
1.7793902375485473 1
1.7810196800188671 1
1.782214747537486 1
1.783040802585071 1
1.7835170656989376 1
1.7843314832375237 1
1.7844222360657425 1
1.7854220138216617 1
1.7873696779439192 1
1.787568185337431 1
1.787846641329918 1
1.791430853490029 1
1.7923072783703735 1
1.7930909739741303 1
1.7941393662528975 1
1.7955971773159909 1
1.7956442495170573 1
1.7962424397117376 1
1.796243996510254 1
1.7994975208680652 1
1.8000660014400545 1
1.8038811185622527 1
1.8095316582762624 1
1.811148018491423 1
1.812503000057778 1
1.8129103559311857 1
1.8160966697334835 1
1.8168986905753468 1
1.821539626070964 1
1.8217700616304144 1
1.822805095247599 1
1.8236689330723788 1
1.824546096636444 1
1.82684036044815 1
1.8271325410483896 1
1.828935277984794 1
1.8297421781616845 1
1.8308854904147072 1
1.8322277678881635 1
1.8328548147751915 1
1.8329700113706444 1
1.8371890003825653 1
1.8381799930064195 1
1.8394228672350847 1
1.8408519549068905 1
1.841463065889382 1
1.842880392025594 1
1.8443246814708265 1
1.8471260009063013 1
1.8479501708847976 1
1.8555807726633915 1
1.8558105710097963 1
1.856048405227203 1
1.8571336998177828 1
1.857612187120731 1
1.859272216614756 1
1.8599236749991137 1
1.8612103620602287 1
1.8624449818524131 1
1.864794974595282 1
1.8650467616502973 1
1.8650891150941824 1
1.866592450005544 1
1.8682487326795132 1
1.869083352444108 1
1.869434779437084 1
1.875006827241898 1
1.8775094815872335 1
1.877578130402648 1
1.8801782303008925 1
1.8808767345432569 1
1.8809718828896715 1
1.8817161708448904 1
1.8819338205029164 1
1.8819582280625773 1
1.8849317412065307 1
1.8852866290022687 1
1.886303065835485 1
1.8875277233747745 1
1.8894093056369865 1
1.8897699050658368 1
1.8932974473398685 1
1.8969949038904943 1
1.8973344363715683 1
1.8986371516791485 1
1.899750215724879 1
1.9031922164704336 1
1.9042264572563896 1
1.9074289684494448 1
1.909768400687124 1
1.913292708988972 1
1.9140080337736676 1
1.9180786592188817 1
1.9190016542929895 1
1.9196001561210263 1
1.9196445263572903 1
1.9205795641900696 1
1.921278271632046 1
1.923000676994511 1
1.9232182328492744 1
1.9261452157913137 1
1.9322163927940696 1
1.9325448174302615 1
1.932560025587124 1
1.9334656307215907 1
1.933735222356364 1
1.9339023495836805 1
1.934420796427967 1
1.9384897764190607 1
1.9400001664439508 1
1.940137729454057 1
1.9410681876157436 1
1.941199344027269 1
1.9414414764801675 1
1.942326483058483 1
1.9462166648393733 1
1.9478130245566192 1
1.9502824412745223 1
1.956332593892747 1
1.9566631182125251 1
1.956695133515348 1
1.9578982983423905 1
1.961303989408382 1
1.963211361518706 1
1.9650255963065009 1
1.9681654119154897 1
1.973011812551972 1
1.977266011847174 1
1.98117322406658 1
1.9824160267093431 1
1.983152414153854 1
1.984324954393171 1
1.9853109465610932 1
1.9870085392130108 1
1.9874902517650357 1
1.9877376675550844 1
1.9878974939649363 1
1.9893761989190464 1
1.9894873093661205 1
1.9934699046568305 1
1.9939735046254208 1
1.995480658740889 1
1.9959276984006409 1
1.9986299416707456 1
1.999562459089537 1
1.999644127572492 1
2.003017389165029 1
2.005094218239786 1
2.005120806709201 1
2.0055909958512124 1
2.0074653830146847 1
2.009404750388666 1
2.0101343758338595 1
2.010158147664088 1
2.0109498488813373 1
2.011232092708525 1
2.0113609225787976 1
2.012703651182817 1
2.013087166315377 1
2.016034518394742 1
2.0182051392678875 1
2.018471103328608 1
2.0223316410867325 1
2.023503955537469 1
2.025811440067051 1
2.0278460262518307 1
2.029771321822628 1
2.0306955157106032 1
2.0329193059973334 1
2.0367951188857063 1
2.037669066162293 1
2.0379681728925623 1
2.0396281046421354 1
2.040318136574116 1
2.0417096534869303 1
2.0418957865444627 1
2.042769314634654 1
2.043356836772112 1
2.045005821930772 1
2.049565671761752 1
2.0497176830655954 1
2.052399857907067 1
2.053298114913056 1
2.0534299508157603 1
2.0536596626771058 1
2.054186600234356 1
2.054919297902827 1
2.055498875412765 1
2.0562443417200127 1
2.0566252534555844 1
2.0575062323748834 1
2.059009048625072 1
2.0590312888624585 1
2.0613282382943865 1
2.0618607673699967 1
2.0641387794983754 1
2.065785958921269 1
2.065844863532005 1
2.067331547541162 1
2.067735188532686 1
2.0699247442874453 1
2.074430583746909 1
2.076292509750998 1
2.079520736316424 1
2.0799818291231045 1
2.080272425355939 1
2.08724666414901 1
2.088499798486102 1
2.090115296362152 1
2.0945560092736124 1
2.098605952344579 1
2.0987652878146363 1
2.1007260662416294 1
2.1010199034998616 1
2.1045940372601115 1
2.1048504765283744 1
2.1067999303056952 1
2.1069838744167533 1
2.110699316189065 1
2.113361754110521 1
2.113377447072021 1
2.1156808672074576 1
2.1157907709484167 1
2.11617833583587 1
2.1177721607246807 1
2.119886251357672 1
2.1200425205434263 1
2.1206112300845987 1
2.120708999982811 1
2.123116428699301 1
2.125469562591872 1
2.125818483986154 1
2.1260480613979493 1
2.126255338170628 1
2.128478063373686 1
2.129414012545755 1
2.1359362985136765 1
2.1361821485279675 1
2.137067240264509 1
2.138364593727372 1
2.138671329493054 1
2.139227340420116 1
2.140316691174525 1
2.142363443015746 1
2.1444397947905327 1
2.1448442314151994 1
2.1482437336178952 1
2.1509390128791144 1
2.153648932449757 1
2.155640149435952 1
2.156277849351868 1
2.157118318669652 1
2.1620307925456155 1
2.1627434817377518 1
2.1665326632624318 1
2.167987549714381 1
2.1680118856556287 1
2.17214400190713 1
2.173631076816172 1
2.176302377539207 1
2.177239566946639 1
2.179033864026782 1
2.181215160046193 1
2.183618130497339 1
2.183768979974579 1
2.18412557654011 1
2.185680604835873 1
2.1869627749120126 1
2.1873246176950736 1
2.189559004043911 1
2.191246473624971 1
2.19136541109544 1
2.191430776216966 1
2.192248816552241 1
2.1927356673505867 1
2.1933257367669765 1
2.1934003552860784 1
2.193625107974458 1
2.1974958055262497 1
2.198867938282669 1
2.1995528848738783 1
2.200115838660221 1
2.200646191300242 1
2.2011574535803784 1
2.2015942537355686 1
2.2044895442204706 1
2.204531291943617 1
2.205026289612768 1
2.2054963599340947 1
2.21021634784012 1
2.2109935736225843 1
2.2114523936040817 1
2.211666240527425 1
2.2125845085935274 1
2.213244643232542 1
2.215949056214182 1
2.2180848759555505 1
2.223870135271586 1
2.2246607161848275 1
2.2248604315036737 1
2.2266988799226715 1
2.227611797559915 1
2.2282219480237786 1
2.228281967861322 1
2.230599233694294 1
2.2319328623262527 1
2.2325636018620663 1
2.233101827988369 1
2.2331921381624893 1
2.2345144724472727 1
2.2352108640356163 1
2.236307413640559 1
2.238094781721975 1
2.238783519900268 1
2.2405441389069227 1
2.240694286257692 1
2.2417638875901558 1
2.2430828288460525 1
2.2453022364702955 1
2.2456978352863524 1
2.246949210820788 1
2.247074581014229 1
2.2480873407380044 1
2.250517545402335 1
2.251717503087564 1
2.252443370368568 1
2.254376299196537 1
2.260959509718009 1
2.2643514063335517 1
2.264487014781744 1
2.265305139950381 1
2.266836099949124 1
2.267650737115688 1
2.269333654533194 1
2.2701530657918028 1
2.270183317737877 1
2.2706249353692645 1
2.270723928726885 1
2.272775754437102 1
2.273503533396374 1
2.2739977706937013 1
2.278507889384417 1
2.2800200725911965 1
2.2807602029932226 1
2.28214119998516 1
2.283400637936038 1
2.284204907588572 1
2.2904471092655863 1
2.2963153440045607 1
2.299428365379049 1
2.302581139359303 1
2.3041906876842404 1
2.305879027220364 1
2.3064972570092857 1
2.310547893222649 1
2.311244004473524 1
2.311508698249153 1
2.314137621597697 1
2.319978627796219 1
2.320179924395276 1
2.3223092716725326 1
2.322794175761059 1
2.325305387492941 1
2.3306864206680924 1
2.3312786608199434 1
2.3326149258532216 1
2.3327497039025022 1
2.3333107446806824 1
2.334422845471233 1
2.334432316201766 1
2.3357851374655407 1
2.33706975747197 1
2.3419980970596206 1
2.345200728554515 1
2.3460342474382387 1
2.3472458168436434 1
2.3474251240384385 1
2.3485494034348493 1
2.348947326324219 1
2.350551147834408 1
2.351645497898724 1
2.354181043934032 1
2.359702587527903 1
2.364697755357963 1
2.367414451629826 1
2.37000942227273 1
2.370896491388333 1
2.372166273270096 1
2.3726213996364804 1
2.373278320005181 1
2.3742906749603585 1
2.374751442831313 1
2.3759195233751305 1
2.376609323169436 1
2.3810913189130103 1
2.3836911287355025 1
2.3837756933758723 1
2.386305319053254 1
2.386916811179353 1
2.387869208846777 1
2.389161404729812 1
2.3911896377283166 1
2.3940744786955728 1
2.3953889111832862 1
2.395678763626796 1
2.397630723694257 1
2.397909093753423 1
2.399906083110161 1
2.4021892595918724 1
2.4041032628506502 1
2.4042746054509 1
2.410420752633591 1
2.410500002767904 1
2.41122176155873 1
2.411476644348592 1
2.412857607188539 1
2.4130890050944656 1
2.4131719801858305 1
2.41856845374319 1
2.4190173372002035 1
2.419256082163887 1
2.425502676839261 1
2.425596351574477 1
2.427450021193672 1
2.4301417247419668 1
2.4312341487731914 1
2.4320850719620912 1
2.432224386753844 1
2.4325076600577966 1
2.433654166031003 1
2.433930530645733 1
2.434814482715275 1
2.4382317906563267 1
2.438607755701354 1
2.441544426550056 1
2.4424176134978035 1
2.4426845450031216 1
2.443705839762866 1
2.44412730766963 1
2.44413703694515 1
2.445839215649184 1
2.446503139786848 1
2.448122868483647 1
2.4492007194191423 1
2.449348683598498 1
2.4494568515474278 1
2.451104216420801 1
2.4526957849934803 1
2.453150987903163 1
2.4536535856450525 1
2.459219732826212 1
2.4595545424299035 1
2.4619810525915584 1
2.4648063034114696 1
2.466536994291248 1
2.4668056231964077 1
2.467865831322138 1
2.4686912202268574 1
2.468836396636052 1
2.471935664894226 1
2.473364505795838 1
2.473851196292503 1
2.4746541571464844 1
2.4806155873727382 1
2.4894304769460964 1
2.4918278623953167 1
2.491843519771768 1
2.4921630402606705 1
2.49472125203496 1
2.495461151941128 1
2.495691718592382 1
2.496267488321628 1
2.496858376931686 1
2.497670558407203 1
2.49858011408044 1
2.4986882717691907 1
2.5008413019673563 1
2.502977201355484 1
2.5047578123154413 1
2.504991279997507 1
2.5069008011827254 1
2.507044178679491 1
2.5074878107120115 1
2.5085560848300275 1
2.510159819801705 1
2.510287946554476 1
2.5108042703712425 1
2.5117174195314567 1
2.513177080433833 1
2.513530253603623 1
2.513625904121886 1
2.513716314873061 1
2.5138885710384167 1
2.518345831931148 1
2.518651755846041 1
2.522874620523968 1
2.5253653380717043 1
2.52604491076406 1
2.526745421866399 1
2.52748854071848 1
2.527925755466176 1
2.530437529655939 1
2.531782316443966 1
2.53300241992989 1
2.534107591178824 1
2.5344005938643863 1
2.540054762906659 1
2.541598581911054 1
2.542741264957506 1
2.547843151110329 1
2.5482623646582065 1
2.549604343025799 1
2.551674018856841 1
2.5551145942970663 1
2.5560783233244644 1
2.556342203628649 1
2.560019448148706 1
2.5623891573214417 1
2.5625091968351703 1
2.56265025486038 1
2.5653133385793767 1
2.568284087266532 1
2.568516774097494 1
2.569746114674276 1
2.571204379067316 1
2.571234460492794 1
2.5734103252342746 1
2.5735411918633537 1
2.5740531980257835 1
2.574310082185365 1
2.576997035994712 1
2.5776662136488957 1
2.580184023882456 1
2.580633946370536 1
2.580979656211876 1
2.581565065844768 1
2.583605871939054 1
2.5847649359915104 1
2.586831447553724 1
2.589325913930089 1
2.590985072274439 1
2.594093681017501 1
2.5952951151312447 1
2.5953293895552605 1
2.59633808491522 1
2.5984603481347635 1
2.6018263698862683 1
2.603449215512084 1
2.6037893399085803 1
2.6047845410234176 1
2.6052060618371784 1
2.6055564478624587 1
2.607675653024382 1
2.608025960189104 1
2.608607819155325 1
2.6103605202568407 1
2.612608621185139 1
2.612736409853265 1
2.614327285426444 1
2.6153038984717347 1
2.617358865913791 1
2.61946857758984 1
2.62238145034954 1
2.625606909107461 1
2.6266365021818747 1
2.629376775029703 1
2.63093722491808 1
2.633747829596317 1
2.6337953623951766 1
2.643221491166173 1
2.6453620637048125 1
2.6467685920433817 1
2.648847506441095 1
2.649896945718345 1
2.6499317410509526 1
2.653041358427919 1
2.654776443712968 1
2.6549509135544183 1
2.658866348649485 1
2.665436574088176 1
2.66708950716142 1
2.6702356726616943 1
2.671688307840038 1
2.672238909046101 1
2.673985930556 1
2.6748139359803047 1
2.674899349529241 1
2.6757749202086822 1
2.676733947762359 1
2.676843798847196 1
2.67692573016951 1
2.6772412884871497 1
2.67754743626423 1
2.679901343893184 1
2.6803134554125423 1
2.680421767931193 1
2.680567343810834 1
2.682938724058432 1
2.685861939290839 1
2.6893787550792747 1
2.6912030094358474 1
2.692356176591395 1
2.695386535104493 1
2.6956558010850875 1
2.6960930678121446 1
2.6975623019566064 1
2.697640939316182 1
2.6978359136552785 1
2.698008517600316 1
2.699962384186948 1
2.7046599163665515 1
2.7066838401467708 1
2.707526026829067 1
2.708420966680177 1
2.708925314413721 1
2.710391494245809 1
2.712450908521839 1
2.71664665373377 1
2.722427996418629 1
2.7233605383481225 1
2.726154194517608 1
2.7272515080550974 1
2.7274312231591185 1
2.729632815222704 1
2.730760158895825 1
2.733084611379371 1
2.733736330699628 1
2.7353036821797128 1
2.7369347427837685 1
2.739510633147576 1
2.7424731005551046 1
2.74362004109918 1
2.7483395152811854 1
2.7503007369981645 1
2.7505879165453293 1
2.759991961682519 1
2.760904963100588 1
2.7611202721328545 1
2.767467570588151 1
2.768915128731831 1
2.7711428135622644 1
2.774555434577399 1
2.776510529612521 1
2.77670779242894 1
2.77930964818672 1
2.7793894967065627 1
2.783508846795368 1
2.7846402733022253 1
2.784669296791019 1
2.785831136983543 1
2.7871253340421758 1
2.788161985936967 1
2.7890561278923323 1
2.795170842542679 1
2.796388025980842 1
2.7979500787499503 1
2.800057171138811 1
2.801572570292756 1
2.803780822851987 1
2.8052131864652528 1
2.810611499910021 1
2.816955664265445 1
2.818394968775942 1
2.81841919830486 1
2.818773865162145 1
2.81919651051185 1
2.832736005410312 1
2.834430933538317 1
2.8348456181934822 1
2.8417085391360914 1
2.8419326590960194 1
2.851357320649992 1
2.851737337755955 1
2.852047865088869 1
2.853146350220405 1
2.8543393617056565 1
2.856887333062093 1
2.8572837387137184 1
2.8575404350619524 1
2.8578217542970803 1
2.8599504599329464 1
2.860669571032308 1
2.8613240228174264 1
2.861988971943409 1
2.8637414356530773 1
2.865442681851465 1
2.866287240287999 1
2.8697835678560124 1
2.8699919469480792 1
2.8710239036070244 1
2.874249318273032 1
2.874609236028538 1
2.875343929932604 1
2.876655728298568 1
2.8792047038175865 1
2.879722960023855 1
2.8807434965394085 1
2.88833797257156 1
2.889577614549077 1
2.892072671728961 1
2.8921534233640203 1
2.892633428112332 1
2.8932305307509294 1
2.894121151181244 1
2.894207781872042 1
2.8965619555988047 1
2.8968734963173 1
2.8971731028181718 1
2.898268324471391 1
2.8986385834470205 1
2.9000301913695656 1
2.90042513510288 1
2.903085140322576 1
2.9092710790030365 1
2.910350868363893 1
2.912653035702168 1
2.9136475051137305 1
2.9165045617622845 1
2.918904947727406 1
2.923316788633254 1
2.9239981481269823 1
2.9241489058134085 1
2.9276478693770493 1
2.9294294329445854 1
2.930520643945881 1
2.931123647180847 1
2.9354116925081506 1
2.938247811544202 1
2.938837509121141 1
2.942173662788212 1
2.9424795073737635 1
2.943467403061684 1
2.9435153329039205 1
2.94410846398854 1
2.9442524293004486 1
2.94427997096904 1
2.9447610400228705 1
2.94520000789796 1
2.947795073029086 1
2.9513844296167995 1
2.9532072657039588 1
2.9562843273224315 1
2.9571133504967717 1
2.957726797447312 1
2.9650318904681385 1
2.965900928489335 1
2.982100902603868 1
2.983370822669276 1
2.983425312069051 1
2.986946913055472 1
2.987548044723665 1
2.987639501143558 1
2.9972053022100025 1
2.9984120801284617 1
2.999009456511596 1
2.9991479284742053 1
2.9992795720870906 1
3.0009638165474604 1
3.006269993652255 1
3.0107181664315297 1
3.0155969418025648 1
3.016528118683668 1
3.0170835572974077 1
3.0188475237189603 1
3.0245349484026973 1
3.03223476955278 1
3.0329814005182 1
3.033823957691658 1
3.035226117074374 1
3.035382814538992 1
3.0409387602743467 1
3.0431751176652297 1
3.043181838308818 1
3.0456097943509524 1
3.0459291013688445 1
3.051204366098317 1
3.0520776928254976 1
3.053187668598479 1
3.0536432912743487 1
3.053834409078743 1
3.057368683916608 1
3.058023055674195 1
3.0580742994241352 1
3.059960987240671 1
3.0604294351751964 1
3.064040046064248 1
3.0711594853473487 1
3.071618223550326 1
3.072071505782252 1
3.0765725366684062 1
3.077466521656311 1
3.0784586822806497 1
3.0822970087775987 1
3.0834179503777914 1
3.086859829246406 1
3.0898727738296587 1
3.090508315078834 1
3.0928746419448547 1
3.093895813564974 1
3.097669226866904 1
3.0986830232077467 1
3.1024227335109185 1
3.10260527150409 1
3.103495758938393 1
3.103531114136153 1
3.106432755199008 1
3.10649694250782 1
3.1079885961632474 1
3.1087901401140425 1
3.1114649684126445 1
3.112575198292542 1
3.1141300295800325 1
3.1160268327957445 1
3.1239961625170247 1
3.1246832066105537 1
3.12779841237336 1
3.1302284414195523 1
3.13036961205374 1
3.135258129322129 1
3.1363292637063025 1
3.1370898942726866 1
3.1372779250510274 1
3.138974746688445 1
3.140173980065108 1
3.1419106616790176 1
3.143878709796764 1
3.144944264830069 1
3.1483983733923933 1
3.150066002286685 1
3.150104007521525 1
3.1535534783744983 1
3.153708666226588 1
3.154479251329864 1
3.155280868923509 1
3.155373346818424 1
3.15557301271811 1
3.155893420133701 1
3.15756451875607 1
3.1582466214999974 1
3.161374229086755 1
3.161776870702188 1
3.162568204323758 1
3.1646583553998453 1
3.1653443591597368 1
3.165433074114445 1
3.165521756515046 1
3.16636569964617 1
3.168725548891217 1
3.168769129167867 1
3.173012641889784 1
3.1780986721494533 1
3.178547121878024 1
3.181554337795712 1
3.1820715224621314 1
3.183490236057916 1
3.1861930655226565 1
3.186950680145911 1
3.188304067778988 1
3.1883322954102566 1
3.1893557637991456 1
3.190301280477056 1
3.193975419015451 1
3.195422770817874 1
3.1960180760781074 1
3.196265419557036 1
3.196984414020093 1
3.197440664320786 1
3.198125807238 1
3.19818035921724 1
3.199144596305807 1
3.1997509462461027 1
3.2005730404649806 1
3.2055466297517 1
3.206211272745209 1
3.209355676480261 1
3.2106867306884386 1
3.212915899628258 1
3.21526445020703 1
3.215896402840351 1
3.2165087445264864 1
3.2169013304201144 1
3.217714897659293 1
3.217941716685269 1
3.2182649045103706 1
3.218291398682535 1
3.2186530188610623 1
3.2290673488747528 1
3.22932849225972 1
3.2324303944371824 1
3.2342343585854723 1
3.238329148840647 1
3.239555045444618 1
3.2402404784406684 1
3.241666407148242 1
3.242377742872664 1
3.243811496457361 1
3.2486140929715326 1
3.251997658008331 1
3.253119273038942 1
3.253647776182796 1
3.2561292774511115 1
3.2568441407501063 1
3.2572510965758883 1
3.257778784510873 1
3.25881225100002 1
3.2589889598165525 1
3.263389280189711 1
3.2644728043780598 1
3.2692838240001194 1
3.270646071398244 1
3.2714257731691587 1
3.2758740400403927 1
3.279983390477974 1
3.2813779709489928 1
3.281539836056833 1
3.281788835692593 1
3.2877012450299885 1
3.2890983994424885 1
3.2899691404981457 1
3.291029521540622 1
3.2958850844297505 1
3.300128225320145 1
3.302468296827151 1
3.3080365276746764 1
3.308684213210446 1
3.310473252769633 1
3.3105324665470826 1
3.3108342407956304 1
3.3128625860834395 1
3.3285385709758013 1
3.3314704061490903 1
3.331533164864244 1
3.3324318638808004 1
3.332887596033836 1
3.333208069350257 1
3.334680223867992 1
3.3391993903338832 1
3.341921643331623 1
3.342478232913349 1
3.350205632385856 1
3.3549938156777968 1
3.356143280808888 1
3.356219172763492 1
3.358176759389031 1
3.3599607831922182 1
3.360100712393645 1
3.3602682563615165 1
3.3604162068994623 1
3.3618949346090017 1
3.364708374411054 1
3.367583305096145 1
3.368499510815057 1
3.3698787223388083 1
3.3739072341954097 1
3.3798971107345044 1
3.381239950561482 1
3.3814933357493584 1
3.387465139896152 1
3.3898075653710014 1
3.3903757387049267 1
3.393047296892239 1
3.3940670808527766 1
3.3944399936172664 1
3.395701526636487 1
3.396106956602192 1
3.4010714393094803 1
3.401228060925656 1
3.40294100930841 1
3.404688655828426 1
3.407216917589831 1
3.4120571583781927 1
3.413524685771104 1
3.415189813861241 1
3.415512414806817 1
3.4159061713033307 1
3.416731512852317 1
3.42171411623846 1
3.422030077350549 1
3.426174424005019 1
3.4308279209726056 1
3.432075511717537 1
3.4326677015281515 1
3.4354249262558545 1
3.4376655628184154 1
3.4379534125358022 1
3.4381505776273884 1
3.440949899649052 1
3.4425142831101163 1
3.4431151377464198 1
3.4450225524711358 1
3.4463273336382687 1
3.4484891491688376 1
3.450675000255377 1
3.451570783483909 1
3.4571079225658035 1
3.4599283301473283 1
3.460719598037661 1
3.462396872377309 1
3.4669738148069973 1
3.470497050115631 1
3.471443917428056 1
3.471491371880908 1
3.472125750400448 1
3.472138099156344 1
3.4727594064568974 1
3.4749721732145367 1
3.475795014676323 1
3.47706607913793 1
3.477273679049108 1
3.480519928733726 1
3.484746566215758 1
3.4857137869807464 1
3.4873167101673967 1
3.4881125177723504 1
3.490503883752051 1
3.4922516214405355 1
3.4935042349582903 1
3.494326935595132 1
3.4992892021204587 1
3.504414294522024 1
3.504447360931386 1
3.507880735827663 1
3.512602477870631 1
3.512846776971857 1
3.513591090627181 1
3.5307673490008167 1
3.5336954167886057 1
3.534526848492119 1
3.5351728039764585 1
3.5370731878082715 1
3.5373892959282216 1
3.543303781045512 1
3.546473476292288 1
3.550329877735961 1
3.5537027268770216 1
3.554197524383308 1
3.554405154929984 1
3.55588004168598 1
3.556593024415152 1
3.5603037661141728 1
3.560715195843671 1
3.567575583290982 1
3.5701050822625184 1
3.571432250103778 1
3.572332786768869 1
3.57864802123582 1
3.579143116039367 1
3.580153110007984 1
3.5803270054547918 1
3.580365499351538 1
3.5820266398130296 1
3.5829995974153555 1
3.5839373698197594 1
3.5860694550218217 1
3.5891600124728917 1
3.590459412265376 1
3.59287035706398 1
3.594649679653374 1
3.59487723289131 1
3.595403145556934 1
3.5962806317746554 1
3.599218818090491 1
3.6011187274196472 1
3.6033457297863687 1
3.605640826833084 1
3.6070679087508375 1
3.608483257289604 1
3.611120407497416 1
3.6128019488941607 1
3.6132573923046434 1
3.614969660882636 1
3.615007235228958 1
3.616268172968136 1
3.6168282979994815 1
3.617174863207533 1
3.6333470781035455 1
3.636759669843965 1
3.6414968539684094 1
3.6482579994017272 1
3.649618276301203 1
3.6537051310983855 1
3.65408707963906 1
3.6562562294657153 1
3.657529887419968 1
3.6595890850565063 1
3.661803688679546 1
3.661857752586314 1
3.662350374028867 1
3.667995127501861 1
3.669399074322008 1
3.6694154636687313 1
3.6694233972167702 1
3.6703349488984185 1
3.672086272840384 1
3.6724947457428088 1
3.67595007191866 1
3.6762308127971823 1
3.676851412645108 1
3.680796129244448 1
3.6814113639781287 1
3.693201589252927 1
3.693794788991666 1
3.6938363294882257 1
3.697480323097431 1
3.697678073573057 1
3.6981815235714586 1
3.698344988422177 1
3.702041793089861 1
3.704649901308553 1
3.706805029687314 1
3.709785712009754 1
3.709923038396806 1
3.714977342806997 1
3.71498733277494 1
3.717013255711895 1
3.719082113003765 1
3.722525892068883 1
3.722974208623584 1
3.723356882206255 1
3.724994640916039 1
3.725284869030128 1
3.7254781263897447 1
3.725945459099093 1
3.728212043936965 1
3.7285104056828144 1
3.731283679386886 1
3.732687842318827 1
3.734868539409309 1
3.73748756534822 1
3.7425852123706 1
3.749719681827646 1
3.752927172658856 1
3.7550157651198575 1
3.755509595388912 1
3.756838535634463 1
3.75716743642725 1
3.766275318445381 1
3.768791294449291 1
3.7776662593632944 1
3.784175298168416 1
3.788890267857892 1
3.790501279604073 1
3.792257777600215 1
3.802875887001173 1
3.8049433599980937 1
3.808337300338595 1
3.812431878854041 1
3.817701186013928 1
3.817873506949397 1
3.820229123285731 1
3.8248527350928767 1
3.826625713451618 1
3.827819269744475 1
3.83898711349086 1
3.8399308991071375 1
3.840248917083129 1
3.8403112684011553 1
3.841500497092188 1
3.8440227457795584 1
3.8447425319376096 1
3.8456949022468505 1
3.8472308020663446 1
3.848104592796364 1
3.848192251533313 1
3.8490156682175622 1
3.849615697301364 1
3.8557824380863712 1
3.8590689978917534 1
3.861256274963964 1
3.8613410747255177 1
3.864437658095323 1
3.86480770157968 1
3.865566857829587 1
3.869269397677489 1
3.874058903370368 1
3.879157837303256 1
3.881999561010341 1
3.888460295256022 1
3.892106705024823 1
3.892142047407374 1
3.8947953324530697 1
3.895360546848664 1
3.902504067365201 1
3.906745799067657 1
3.9072258021534103 1
3.908198883617024 1
3.9085370851177625 1
3.9105020564947552 1
3.912919914667638 1
3.918412762779639 1
3.923880239245024 1
3.9246782095831145 1
3.931705009065106 1
3.9381851571787294 1
3.944452523997034 1
3.951235635321414 1
3.953789954953004 1
3.9550572752309656 1
3.956251590544685 1
3.958581263676659 1
3.963861338791097 1
3.9672163421473834 1
3.969720757973232 1
3.972434277012269 1
3.973152280704893 1
3.977898689645291 1
3.978579770777655 1
3.978840681898477 1
3.980334546345548 1
3.983879289828202 1
3.9844998308794017 1
3.98970768487368 1
3.9901491758417618 1
3.99409145828494 1
3.9978128805953737 1
3.99932562663515 1
3.999637136262576 1
4.004804883115214 1
4.005412576959777 1
4.012582842997981 1
4.012927563315435 1
4.01971262147395 1
4.021004361592277 1
4.025369138699712 1
4.030806365725294 1
4.0312701939706015 1
4.033549472103461 1
4.0351981405895305 1
4.040482650113163 1
4.040975843268962 1
4.047945227060186 1
4.048772841881104 1
4.050375698855104 1
4.050824291798532 1
4.055999290134996 1
4.060506371085308 1
4.068379219918709 1
4.069344629766061 1
4.070377218213131 1
4.07046314529851 1
4.071711099223876 1
4.073954126593276 1
4.074105758406478 1
4.077233188698162 1
4.078597638448652 1
4.089264783191208 1
4.100774413203176 1
4.101320736077556 1
4.107009542999794 1
4.109345345873697 1
4.1095776857198745 1
4.110407410003035 1
4.112201261083833 1
4.114673168875907 1
4.116008878572639 1
4.116663504234518 1
4.124215443051213 1
4.126237647019677 1
4.12665814523656 1
4.13039653844176 1
4.136346965330452 1
4.136711954989171 1
4.141438978636479 1
4.1434320190674905 1
4.144365354562743 1
4.146184245495088 1
4.148322157572284 1
4.149742277947086 1
4.155990560062904 1
4.156044867253876 1
4.164550111716437 1
4.164918558850036 1
4.169674686167366 1
4.171368887743438 1
4.172507508468343 1
4.176405855613785 1
4.181972275554724 1
4.182006289091046 1
4.184314463473064 1
4.189501111479796 1
4.19125375589477 1
4.192066561970821 1
4.193097502691737 1
4.19326105736038 1
4.199133456330794 1
4.199729211617115 1
4.20055431192077 1
4.201083950881635 1
4.205104274567907 1
4.207492474479435 1
4.208471761181244 1
4.209819398243587 1
4.209945295624106 1
4.214151280072998 1
4.216271659515598 1
4.2181020724034495 1
4.219091806748046 1
4.220228598850194 1
4.224863986323749 1
4.227005648235002 1
4.227657251192227 1
4.228822645881219 1
4.229579234532411 1
4.229975749715596 1
4.23817837010315 1
4.238561180727058 1
4.2395230289788 1
4.2411620043466165 1
4.25607885379809 1
4.260680231546817 1
4.2624408986909295 1
4.262996041004671 1
4.263134341859152 1
4.266713874404215 1
4.267679326419183 1
4.268828282541003 1
4.272052796478793 1
4.273788946629539 1
4.2753233635062085 1
4.275665040845965 1
4.278210833320947 1
4.28027930466105 1
4.286739941396881 1
4.28788148498586 1
4.293679336643565 1
4.294024662286624 1
4.296846722427049 1
4.303415076215136 1
4.30618530262846 1
4.307107990070346 1
4.307390676968309 1
4.308202327500993 1
4.30850237524807 1
4.310144623230279 1
4.312218620262429 1
4.3135343764800425 1
4.315069057078759 1
4.315249811769988 1
4.318498080420648 1
4.319708027539941 1
4.321187327821354 1
4.323745330621402 1
4.326083954832454 1
4.33047135928255 1
4.332713720362261 1
4.338656019059542 1
4.338993440395249 1
4.339553780697674 1
4.340716448673139 1
4.341284666201107 1
4.344088634571028 1
4.3464541872527045 1
4.347874031015353 1
4.3481824288718505 1
4.350240834405038 1
4.352804059333448 1
4.355615426384254 1
4.358022250778966 1
4.3581185554043 1
4.36398257619842 1
4.368879396349229 1
4.373087082809995 1
4.373203598565566 1
4.374470039007284 1
4.377827743043144 1
4.383386071951298 1
4.383554933833688 1
4.383730019589061 1
4.384296362293293 1
4.3844984650327135 1
4.392130862659474 1
4.392138956517731 1
4.40880545760626 1
4.410247788031141 1
4.414395602560679 1
4.423704994973287 1
4.428288015543776 1
4.436590850551103 1
4.439669661613312 1
4.439761955923636 1
4.443453144845829 1
4.447603256090936 1
4.447921327167521 1
4.457235645556543 1
4.4612379917232055 1
4.46475105862304 1
4.469188692174628 1
4.471965626638689 1
4.473507675099209 1
4.473649687567154 1
4.480609900063006 1
4.487466505178025 1
4.487985902186796 1
4.49152356697658 1
4.4948536047501 1
4.49713302395149 1
4.503435388197726 1
4.504649906450049 1
4.50544040435632 1
4.508826819694335 1
4.512911172102674 1
4.51913200562845 1
4.519361433439744 1
4.521611443222879 1
4.521675807984606 1
4.529770501654929 1
4.530924221098338 1
4.535114384200098 1
4.542765025792549 1
4.542855268989202 1
4.5438498226480135 1
4.545420482719084 1
4.546364284212462 1
4.553862820126713 1
4.553934604890338 1
4.555530388552406 1
4.55815133511503 1
4.558870349143639 1
4.569997545312968 1
4.573043329417142 1
4.577004998567791 1
4.577111728547041 1
4.57854933712889 1
4.585859662795582 1
4.587506013449351 1
4.58854742021359 1
4.588552345554782 1
4.588960930478524 1
4.591450470246935 1
4.593626064361205 1
4.595431454242039 1
4.597714383839183 1
4.60010076144273 1
4.60293862056448 1
4.60314356918954 1
4.607341548135095 1
4.609547121395528 1
4.620436515536326 1
4.624558803119311 1
4.624922953883332 1
4.635349590784172 1
4.636176724514313 1
4.644741852226823 1
4.6516446456407525 1
4.654874681750985 1
4.657652045677012 1
4.665167499385924 1
4.674102731452061 1
4.686313161890054 1
4.686579313469602 1
4.689206534451766 1
4.689279368787744 1
4.695671087808422 1
4.696696117868465 1
4.698153848491895 1
4.702825514255904 1
4.703228851139134 1
4.705950138044673 1
4.708850472047908 1
4.712522911344503 1
4.712677964452918 1
4.727571125886002 1
4.7388708850431565 1
4.74011996703848 1
4.740649664402853 1
4.744360174941376 1
4.7468219616591325 1
4.747570271154447 1
4.749273195520873 1
4.750977498264815 1
4.752269082146582 1
4.752954933288589 1
4.757289548047428 1
4.763847548028141 1
4.7736918268619455 1
4.774527145294162 1
4.7754457713182665 1
4.776082536398178 1
4.777150075773808 1
4.780325992407466 1
4.784352050850398 1
4.790120418352144 1
4.796063537625829 1
4.7962123986573735 1
4.797733259921888 1
4.7987598091257135 1
4.804345656673608 1
4.80615795679794 1
4.809583604406056 1
4.813072354797512 1
4.814455304460145 1
4.815460773595537 1
4.81736865074283 1
4.817545045241182 1
4.819033249594423 1
4.82617446908702 1
4.827849955210578 1
4.828938985379828 1
4.829047441942989 1
4.831890758991476 1
4.833470239884941 1
4.835237167478566 1
4.839762274940906 1
4.84016265823833 1
4.8448314013243685 1
4.85187962702071 1
4.852130576450539 1
4.8522178505646165 1
4.8560465755316535 1
4.8619777224234815 1
4.86237622800504 1
4.86524387771241 1
4.8653078264282 1
4.870278755267823 1
4.879111638245167 1
4.879165033828478 1
4.882000811837582 1
4.884294653059299 1
4.88544067875589 1
4.891378515991697 1
4.893025938248343 1
4.894487728911399 1
4.897008170116999 1
4.899177616447683 1
4.900894983592336 1
4.901293744325312 1
4.901325951956624 1
4.913961810817595 1
4.915366756748764 1
4.919421249006824 1
4.920167179469983 1
4.924188590516043 1
4.924259955896692 1
4.93145159285023 1
4.931565699117727 1
4.937524530827418 1
4.940304415284896 1
4.943961495215025 1
4.948320207671197 1
4.950719974053041 1
4.95496325251469 1
4.959515822133884 1
4.970538284196941 1
4.982727549269334 1
4.990850549571381 1
4.992025288604336 1
4.999357517058477 1
4.999555385539702 1
5.005634038120106 1
5.006740737155953 1
5.008948919859914 1
5.016424044031011 1
5.016844376640642 1
5.018775481858257 1
5.027149061326695 1
5.0302156742286135 1
5.031496376727872 1
5.044868066592524 1
5.0481462720919374 1
5.050028060468863 1
5.0506311690066 1
5.054843908580647 1
5.057616881674472 1
5.060755213154764 1
5.060851725728295 1
5.061042403823216 1
5.061543726082079 1
5.062443114356404 1
5.063304917984526 1
5.064593433469461 1
5.066368272140852 1
5.067614626445174 1
5.067738909240852 1
5.073318821843486 1
5.078672332292615 1
5.084654863132189 1
5.090840195794588 1
5.097343646254615 1
5.1100844609781735 1
5.118583528246717 1
5.120894060895741 1
5.124174062523418 1
5.128098011223899 1
5.130643258239697 1
5.132367395263983 1
5.133147271826162 1
5.137615963469967 1
5.137871062089388 1
5.140177867707178 1
5.141078394214403 1
5.141246123034945 1
5.1518029219951895 1
5.160709696378831 1
5.168754494519901 1
5.170366915388158 1
5.171562015386309 1
5.1741527091813655 1
5.176996802739481 1
5.179378993960122 1
5.186831544708969 1
5.188442602142792 1
5.192558361921113 1
5.195969512881256 1
5.202001766770819 1
5.206338932695876 1
5.207070868534804 1
5.2095979100667 1
5.211004252582977 1
5.212106747648631 1
5.2131120640216615 1
5.215288296121082 1
5.219497784530573 1
5.224985818976984 1
5.2290415179145455 1
5.241242387578877 1
5.241506867654754 1
5.249793802640871 1
5.252605401375812 1
5.255657632664628 1
5.265962432525518 1
5.27967313840272 1
5.2849155833356125 1
5.2884730088176655 1
5.288480017701172 1
5.289397383075077 1
5.298747674421196 1
5.298976485409949 1
5.299919913750565 1
5.312133082868827 1
5.321472589836275 1
5.323429022593003 1
5.328187337469904 1
5.333474220791195 1
5.339105613341161 1
5.345203402679384 1
5.346895046585543 1
5.352118736637275 1
5.3602844405644925 1
5.360435685637434 1
5.360764498615767 1
5.364164228475769 1
5.367315123090736 1
5.371090315172319 1
5.372747013240343 1
5.376172303179624 1
5.37909642650337 1
5.38032561022254 1
5.387117359215355 1
5.387862216027019 1
5.3927637115965 1
5.396521215644322 1
5.401185209326247 1
5.403618523550397 1
5.40631833062097 1
5.415113307178668 1
5.423254086831704 1
5.424754606831868 1
5.4337303353857065 1
5.443005958796457 1
5.457001320018663 1
5.461356816180034 1
5.478964151410567 1
5.480518591520499 1
5.48555203343104 1
5.489012195801501 1
5.498497301014372 1
5.501295503195986 1
5.50368811156753 1
5.507266597320426 1
5.511665640634738 1
5.514597757705159 1
5.51559857755114 1
5.519133402284896 1
5.519141038076337 1
5.519710998912548 1
5.533947557698823 1
5.535591026057929 1
5.549045371580806 1
5.558995180256755 1
5.559160138903691 1
5.5613524192791095 1
5.563011711324151 1
5.584121497426888 1
5.5971655081100975 1
5.60061471697699 1
5.600783418506 1
5.602552577104617 1
5.60338537599714 1
5.616468769714839 1
5.623896878057003 1
5.628648328884171 1
5.632023559509535 1
5.646735286407823 1
5.653459809252875 1
5.660937819281124 1
5.663957274550239 1
5.664714827000574 1
5.665359087918636 1
5.666673510509821 1
5.667921909297455 1
5.66956149069071 1
5.671608656977236 1
5.671668195854522 1
5.676153877918157 1
5.679709374540094 1
5.691006635748327 1
5.693989640795481 1
5.707077285649583 1
5.717738635544454 1
5.719015718985319 1
5.721688311671244 1
5.722232029019159 1
5.724952266947906 1
5.727420543654129 1
5.736516124456494 1
5.738001712998262 1
5.738211749844554 1
5.743574481086603 1
5.74884217830501 1
5.750821458165035 1
5.754389624116199 1
5.756941468893169 1
5.75769257874077 1
5.762855443348058 1
5.778219710225751 1
5.793044152939904 1
5.79643231711169 1
5.79955557049753 1
5.801422331201028 1
5.812415592439422 1
5.813963364176466 1
5.815454791870804 1
5.819619845759487 1
5.8257274898146 1
5.832105113928747 1
5.836420087265018 1
5.837151538765968 1
5.8371643630807375 1
5.850563537613709 1
5.8545895240208194 1
5.874756990179465 1
5.877276950326386 1
5.877567061556464 1
5.878594145131619 1
5.897722219239254 1
5.911670573090162 1
5.913250117927052 1
5.915700668799008 1
5.932134988689155 1
5.934715990025349 1
5.9361068759771465 1
5.939068391029488 1
5.93955197003116 1
5.945589568874205 1
5.957764834107145 1
5.962767001437191 1
5.968359156579623 1
5.981338576961856 1
5.98448891505565 1
5.99056268610723 1
5.9928508715556905 1
5.996716229733447 1
6.010557923850505 1
6.0139541189902985 1
6.014462316771036 1
6.014563604575788 1
6.017976932879938 1
6.019019391674379 1
6.01944282858224 1
6.019976886324252 1
6.039011862137704 1
6.040054557246036 1
6.04070761282507 1
6.0410948530343 1
6.041744238228668 1
6.04549308515438 1
6.049914981318064 1
6.052196500257425 1
6.054670291352174 1
6.05479197785719 1
6.055999190697341 1
6.062954763482853 1
6.066544812020958 1
6.071363395936057 1
6.078786895392349 1
6.087470752944421 1
6.105303585769682 1
6.1092956127930735 1
6.114648887041957 1
6.115101688871551 1
6.119077290252641 1
6.121270537545568 1
6.1215570723587485 1
6.130629130998057 1
6.133571575701762 1
6.15009816067516 1
6.153552838296148 1
6.166389673059092 1
6.166540751468765 1
6.171177933722228 1
6.173845726618467 1
6.177316235642691 1
6.177940486889408 1
6.178660073984407 1
6.190286592488013 1
6.194838190313042 1
6.20251959818997 1
6.213836790075472 1
6.214570118879228 1
6.217743903486147 1
6.217829990189562 1
6.227095523521824 1
6.2272722380860674 1
6.227651369595055 1
6.237576900090877 1
6.246173597011488 1
6.252883176501084 1
6.253723695387969 1
6.259609099382114 1
6.262439116521046 1
6.263278347964217 1
6.264380154371376 1
6.281430965799397 1
6.29152372080957 1
6.297275233936237 1
6.297549723626827 1
6.304229801749294 1
6.306914913023467 1
6.3101269067111625 1
6.31856306732301 1
6.318778187906042 1
6.319266639790267 1
6.328893125075749 1
6.346219346561115 1
6.353103377956183 1
6.361175970147855 1
6.366064574049228 1
6.369652987446398 1
6.370848849123534 1
6.385917542291064 1
6.393134944827535 1
6.403209167885283 1
6.405551679915022 1
6.411051618814122 1
6.414932381052196 1
6.418107891441713 1
6.424846892869016 1
6.426848932608624 1
6.4323790357106425 1
6.4432403194736985 1
6.448678226361536 1
6.460670073592592 1
6.460978852360921 1
6.467949373972258 1
6.468970924725865 1
6.472856715038439 1
6.473640831602761 1
6.476137978291759 1
6.477966944024367 1
6.486907801708484 1
6.499496763019675 1
6.500309091153127 1
6.506936092425172 1
6.507031221712306 1
6.508707608357842 1
6.510318942337057 1
6.513203424727713 1
6.521541468046316 1
6.5282783684719226 1
6.531494563503929 1
6.541357715392207 1
6.544837757015928 1
6.549437965781106 1
6.574661227563156 1
6.577745245082772 1
6.583636293765875 1
6.585545547232704 1
6.58686224502384 1
6.598363991872757 1
6.599409482266669 1
6.600668519373345 1
6.61902491093015 1
6.6249025570882205 1
6.628164350264409 1
6.629743679876632 1
6.6310694179299725 1
6.635797930730233 1
6.646273650931284 1
6.655487424067874 1
6.6561057429185215 1
6.656633239126807 1
6.663027893889107 1
6.677019091177687 1
6.67824555275953 1
6.681530038627424 1
6.695702764759857 1
6.705490687627617 1
6.709098213629507 1
6.709731866870504 1
6.709913382029087 1
6.713482955854732 1
6.719264160550783 1
6.725331057728975 1
6.727906587731154 1
6.728566700127926 1
6.730026526739344 1
6.741285384061106 1
6.741573143495297 1
6.745576117309264 1
6.758064271464867 1
6.765901400879734 1
6.76648056768436 1
6.778732559448146 1
6.796037744057691 1
6.813483388667947 1
6.817205845750348 1
6.817419212687444 1
6.856403420725953 1
6.866300004640524 1
6.86730791375758 1
6.875963780468871 1
6.884575368136049 1
6.884657578603412 1
6.8853359983373 1
6.895468517017475 1
6.897375742178417 1
6.899866946461242 1
6.902926350008355 1
6.902928322724552 1
6.905229325097445 1
6.905243943317322 1
6.911450877934263 1
6.915133169838709 1
6.919665059281622 1
6.920156244993147 1
6.922177490173714 1
6.924185215041603 1
6.924524603091206 1
6.961644743992731 1
6.964769765056471 1
6.965515765500174 1
6.978605141571592 1
6.981184706321178 1
6.98892995506985 1
6.994127669160648 1
6.994989212072295 1
6.997364891000664 1
6.999788639416384 1
7.007049739703642 1
7.014899472830274 1
7.031939729372358 1
7.0493311878049125 1
7.060902250401084 1
7.065297072820285 1
7.067623454716259 1
7.068627780495334 1
7.074128218389589 1
7.078943938674054 1
7.080421803998879 1
7.082937713523039 1
7.083457822569938 1
7.085280970160543 1
7.096931806489216 1
7.1044511690831245 1
7.106977586418754 1
7.112741252027537 1
7.113912285243399 1
7.123061018691313 1
7.131572365658439 1
7.138088402830339 1
7.165988488223942 1
7.169481662740504 1
7.181406941773247 1
7.184409586840372 1
7.185380187546045 1
7.221027397093334 1
7.229544808897281 1
7.233529784899957 1
7.23986550062777 1
7.24176028677 1
7.256795083612521 1
7.26164004869999 1
7.27696348330324 1
7.277951794333019 1
7.280482724781496 1
7.285279113998516 1
7.289965464360518 1
7.299049690630429 1
7.303496825585881 1
7.320758998512393 1
7.322343772546437 1
7.322943335117237 1
7.323633344667218 1
7.328016172936239 1
7.329534843958806 1
7.343137263415148 1
7.366033540520308 1
7.381106501810298 1
7.391933982046459 1
7.394657920832356 1
7.397011930740907 1
7.408333308990423 1
7.415858039626964 1
7.416886259670286 1
7.427317297321773 1
7.437004168262923 1
7.450680357163237 1
7.453897658516459 1
7.456087542726255 1
7.474726361214712 1
7.482251471210297 1
7.497507449832063 1
7.502999150508153 1
7.507272920347619 1
7.511256147687645 1
7.515150437962887 1
7.520880242143281 1
7.528800517813903 1
7.533801173877488 1
7.53617129654614 1
7.537912353959532 1
7.540909264782958 1
7.544223204229199 1
7.549627389338656 1
7.550540356594706 1
7.553952678532312 1
7.567052768113785 1
7.5682590723800285 1
7.568688074047718 1
7.571593177492694 1
7.57215307079086 1
7.581948227689081 1
7.646058631267341 1
7.653695764133506 1
7.66112376763057 1
7.663207334638661 1
7.667129809870875 1
7.688757348927699 1
7.6897726918078835 1
7.691136804969946 1
7.698643035682838 1
7.707873189223559 1
7.711313794778554 1
7.714942899677196 1
7.723139941450682 1
7.728436419558327 1
7.729417592331814 1
7.748832628050535 1
7.755367301821789 1
7.75854999737105 1
7.762870092332411 1
7.763592650494729 1
7.791290265621951 1
7.793075790745853 1
7.796224113877117 1
7.796801975766974 1
7.803258522493862 1
7.808256057929277 1
7.8263131471765455 1
7.827049977110968 1
7.844836697838861 1
7.856980881401341 1
7.859822294302074 1
7.866830306965643 1
7.868645812239961 1
7.871014812612919 1
7.879145839775268 1
7.887857446902688 1
7.892797605104317 1
7.895350248164823 1
7.911458866409992 1
7.912252064680742 1
7.941578067372976 1
7.942535770858295 1
7.946949082580651 1
7.95853391600521 1
7.959142083102433 1
7.96230696710603 1
7.964143726653286 1
7.969561010970864 1
7.970847175570879 1
7.975442472298696 1
8.042253227527455 1
8.048624193316162 1
8.06101308654238 1
8.06145926537331 1
8.06315090924564 1
8.08609887712575 1
8.091494491420418 1
8.0956231052035 1
8.096096698751474 1
8.098546641055213 1
8.104340534751351 1
8.11225676397052 1
8.117164628626131 1
8.118749962433588 1
8.133387651918273 1
8.13523226610337 1
8.140037238045931 1
8.140558300022041 1
8.140966265514116 1
8.141668171876622 1
8.152672834308698 1
8.157293659948238 1
8.168532010710168 1
8.185137662196695 1
8.1878578885457 1
8.198751408906178 1
8.209694041173936 1
8.218149551073406 1
8.219092294711503 1
8.241743716986514 1
8.25245712097478 1
8.275996767652858 1
8.294185764970129 1
8.300544858334758 1
8.314021705747452 1
8.314503344970365 1
8.319418240004655 1
8.324669895970517 1
8.334018099827968 1
8.334374822480733 1
8.348620162146704 1
8.350530158564535 1
8.363726863057476 1
8.380861571654146 1
8.44588466026309 1
8.45538275378949 1
8.468140968049754 1
8.489598146379965 1
8.492011787912418 1
8.535572940407377 1
8.547236490053567 1
8.547898544824989 1
8.554472764913019 1
8.555198185059478 1
8.587950895727236 1
8.592845679720254 1
8.604257750592687 1
8.60646096553121 1
8.610877792508543 1
8.623705298177898 1
8.632572231471904 1
8.64245023918568 1
8.648362928227932 1
8.654282647448001 1
8.666008097472904 1
8.666705493215483 1
8.667513680314904 1
8.672422553487056 1
8.681115454719752 1
8.692068102535623 1
8.713574063191986 1
8.724515390317121 1
8.776364117116922 1
8.782933362222252 1
8.792849510192037 1
8.810757965533007 1
8.817644802756739 1
8.836885860161802 1
8.841851389999455 1
8.843734547803809 1
8.862575740318768 1
8.863743452786213 1
8.864173971724558 1
8.870605354988202 1
8.881364045899472 1
8.893921775728124 1
8.89424639887278 1
8.913882542001966 1
8.919256289377648 1
8.928467726252057 1
8.955861963541931 1
8.9566482403793 1
8.959892440764245 1
8.973338170733474 1
8.973678344339781 1
8.976697581020574 1
8.984892876477463 1
8.985785354042047 1
8.988815318053415 1
8.998517687531201 1
9.0143940901377 1
9.020094879384793 1
9.02378512834263 1
9.02583472771195 1
9.045718487044336 1
9.064468439587394 1
9.087834781272534 1
9.093502355858687 1
9.095227430752836 1
9.111773508435984 1
9.112583868154612 1
9.116336386359484 1
9.11816664311122 1
9.143396532767165 1
9.158108282636697 1
9.159574582180582 1
9.168468171942582 1
9.174338735658708 1
9.174661761906984 1
9.208325432109364 1
9.228619124500296 1
9.23491443554548 1
9.24840880362592 1
9.311115919318803 1
9.337619543677672 1
9.342127810687224 1
9.354300467810615 1
9.357854587102118 1
9.362722454662457 1
9.369545736190537 1
9.37627003088015 1
9.40489732550369 1
9.418150307616752 1
9.421952023836385 1
9.425617733422026 1
9.431898903563416 1
9.436301407138442 1
9.453540633509265 1
9.454417695222196 1
9.465254461437594 1
9.503510515524212 1
9.510009673489238 1
9.5100269248286 1
9.517189970918777 1
9.519880175524849 1
9.521025407747082 1
9.539090093414318 1
9.539629501651142 1
9.541625035125357 1
9.550226275682006 1
9.561241077369932 1
9.571453337121836 1
9.572789905135922 1
9.574903330477676 1
9.576026011018358 1
9.576682247243106 1
9.5865317342799 1
9.592080952510972 1
9.597470722176588 1
9.6294913098517 1
9.630474444914684 1
9.644937956713417 1
9.661494681648 1
9.668797957409955 1
9.671248657841057 1
9.684703019355508 1
9.701382000113565 1
9.731018548013052 1
9.765383762755205 1
9.765661766855777 1
9.79774475996012 1
9.825478366474243 1
9.837084244632404 1
9.852850047372607 1
9.87183081021134 1
9.872894534527244 1
9.888221428441334 1
9.903007535872106 1
9.91652976420766 1
9.927608164227015 1
9.937343516929742 1
9.98377975811095 1
9.98609532952321 1
9.989550744882555 1
10.02397892089381 1
10.08798650501008 1
10.13797141122064 1
10.153686923376531 1
10.167264786675531 1
10.168992408745924 1
10.190712968608157 1
10.21003584533124 1
10.222904014707474 1
10.258934878462368 1
10.26131565632985 1
10.270075948774425 1
10.277874229723343 1
10.280640137653656 1
10.311057747285446 1
10.329276924829294 1
10.341405168610704 1
10.34839180893958 1
10.383035347857136 1
10.401581127644686 1
10.410470197945024 1
10.416188578616817 1
10.433743275237315 1
10.43839580402409 1
10.46029455499003 1
10.470681315824264 1
10.470825052402253 1
10.47339267994728 1
10.51557909110542 1
10.529854631846376 1
10.534630603207694 1
10.536753113800158 1
10.559874546743156 1
10.561658373169216 1
10.575649098032724 1
10.58935429301261 1
10.594066122034867 1
10.632680362806818 1
10.636533790010605 1
10.659427320861916 1
10.672196820260943 1
10.683014685214548 1
10.684345221191572 1
10.688072487869922 1
10.688151604450956 1
10.70517217032272 1
10.709280189005272 1
10.726179772057234 1
10.739656854494148 1
10.748662039765357 1
10.749731525378667 1
10.76291998203765 1
10.786101062002002 1
10.803579045804884 1
10.80897335188252 1
10.813958682266868 1
10.81663897229818 1
10.82712883085148 1
10.851928978303423 1
10.870195637550848 1
10.886670583513002 1
10.892579749773915 1
10.90308766237814 1
10.910457091863648 1
10.911327123506226 1
10.918617527471216 1
10.95257893636644 1
10.956171858453454 1
10.965297424129524 1
10.972551614911149 1
10.98182207133806 1
11.01667616433036 1
11.02100404448482 1
11.03445785373085 1
11.048799443157469 1
11.08222844249596 1
11.100957819618271 1
11.101506400003109 1
11.108665448846274 1
11.13089034290046 1
11.13416261745353 1
11.15168603344821 1
11.156716122094414 1
11.156891854930276 1
11.15871993871516 1
11.164408085765878 1
11.202768269535667 1
11.228721300953046 1
11.249370635872433 1
11.28662680920506 1
11.290169494333954 1
11.353112199777684 1
11.391983834533924 1
11.394694849617256 1
11.39741712001921 1
11.399783569940542 1
11.403753017424036 1
11.409166626128304 1
11.45377216256216 1
11.45824834643883 1
11.47535075064757 1
11.475421018312597 1
11.478356736169994 1
11.504393395033317 1
11.52385014632508 1
11.524247655079886 1
11.530282633131392 1
11.565742524624602 1
11.572070446840112 1
11.58374030924606 1
11.585171046130212 1
11.591657845259698 1
11.593128165224298 1
11.597632468247715 1
11.612818672010537 1
11.653429997363366 1
11.659293085955444 1
11.668449639095344 1
11.698945436084406 1
11.733963874730136 1
11.739028038730316 1
11.744495869649032 1
11.76609900068935 1
11.789581529066623 1
11.827649229858867 1
11.844747837938002 1
11.870051222781717 1
11.88213027344797 1
11.91189386382574 1
11.928343440000296 1
11.929930852114994 1
11.93688386282512 1
11.937292773400705 1
11.99061130727349 1
11.999674782961764 1
12.001806358037404 1
12.008201023964912 1
12.01906037219035 1
12.023505274184036 1
12.050165808521095 1
12.054929230694563 1
12.055829253705689 1
12.069786842525414 1
12.08679072530179 1
12.102308327105062 1
12.141713884621256 1
12.18296491779683 1
12.23238203977381 1
12.269400348749905 1
12.27713501778896 1
12.366808774834452 1
12.384726626021124 1
12.395210064946935 1
12.402314574332305 1
12.41093569522402 1
12.427301104681035 1
12.498259949461849 1
12.515801812511144 1
12.54163735861632 1
12.557122040565332 1
12.56493961888628 1
12.565976951476392 1
12.57613366938737 1
12.5932444784819 1
12.606403595970413 1
12.612764674900111 1
12.638249725809118 1
12.68658222712746 1
12.712601426090744 1
12.74125948807804 1
12.780776685657942 1
12.796331896695945 1
12.82533145954099 1
12.844583977697486 1
12.944856881549034 1
12.94518408062775 1
12.972057635973366 1
12.98217903363516 1
13.00220961699818 1
13.026476422687846 1
13.051118289578062 1
13.133344872154463 1
13.141301424234523 1
13.166192118015427 1
13.23053569772704 1
13.245280812093258 1
13.254045632501787 1
13.331227717722427 1
13.352855451199034 1
13.377261407519722 1
13.38537062852923 1
13.39916062537899 1
13.431425222450914 1
13.51320458120218 1
13.513343866211812 1
13.553743555206772 1
13.690437990988178 1
13.691402691543727 1
13.69706410184189 1
13.708680841561264 1
13.738251338462064 1
13.741273747043651 1
13.755416764598664 1
13.761505774009636 1
13.767198828447336 1
13.856428087473024 1
13.87523412733306 1
13.884401340668164 1
13.901186718222588 1
13.92098177332785 1
13.976203204393856 1
14.034387739805146 1
14.052836943492226 1
14.117238006575413 1
14.16922913619635 1
14.18097023493918 1
14.18787869754737 1
14.205346078162034 1
14.215138965887697 1
14.217030018351442 1
14.281824264520576 1
14.363738281880316 1
14.366597336246706 1
14.39609576008992 1
14.450636190852292 1
14.457409254922746 1
14.461526272217649 1
14.462306035296493 1
14.495025919525974 1
14.548808334018744 1
14.555268233613791 1
14.56531905434332 1
14.60453631004733 1
14.631999899681272 1
14.682065971460336 1
14.687799853554932 1
14.71686573291738 1
14.736744275623009 1
14.844784545795967 1
14.85760638567777 1
14.864639238436624 1
14.868324910184963 1
14.887438456122196 1
14.9158983276189 1
14.931059762288228 1
14.988866821990037 1
15.042412494453004 1
15.06080313185502 1
15.088368545102568 1
15.091093750344736 1
15.094133664212311 1
15.115522554638783 1
15.117108361619984 1
15.119914137930843 1
15.156568582916991 1
15.18339926021462 1
15.270392568317904 1
15.27357299403409 1
15.284446798053173 1
15.306945736849864 1
15.31528575112072 1
15.50599166726903 1
15.52854619311394 1
15.595524657246782 1
15.596472218310796 1
15.661522544081745 1
15.801413772815122 1
15.85865882620203 1
15.862591544473847 1
15.974952991373156 1
16.024322073666674 1
16.042726459800516 1
16.06966756055614 1
16.09450573637148 1
16.10696231271278 1
16.132507643045695 1
16.237263120587535 1
16.26030657831734 1
16.315038194523776 1
16.363368341641745 1
16.37796006451871 1
16.4149079801029 1
16.42786186383871 1
16.51422243945323 1
16.537820108760087 1
16.585837158610083 1
16.615375630025007 1
16.791110822314963 1
16.833442326119414 1
16.849063914892053 1
16.896495580623235 1
16.989943525086012 1
17.1078555977465 1
17.245565237141708 1
17.27844990660667 1
17.32591427837429 1
17.375691269621743 1
17.458691458730495 1
17.46715119084099 1
17.50279574237298 1
17.537905606416476 1
17.539534170282593 1
17.623934885796732 1
17.66261330698896 1
17.734117422098194 1
17.781396732198253 1
17.833416247349806 1
17.895407115885465 1
18.020553736663064 1
18.02575131207888 1
18.078608066688275 1
18.26233601026009 1
18.374641953869347 1
18.486920500954533 1
18.53355233424164 1
18.53826090675727 1
18.54789807719912 1
18.55161170155027 1
18.5680745815455 1
18.73953028282248 1
18.795049726304228 1
18.839390968414644 1
18.85752079507094 1
18.9074924630392 1
19.0024473742441 1
19.22417544891731 1
19.27946303571993 1
19.33486040737296 1
19.52422013031177 1
19.54596913554848 1
19.65216483881669 1
19.69282887713342 1
19.71581901005679 1
19.749582748921544 1
19.7601760523138 1
19.81211046551532 1
19.8596366338772 1
19.8638956943834 1
19.87103296573766 1
19.95906220784908 1
20.021930218791727 1
20.069862660676637 1
20.082191314755445 1
20.089390585584884 1
20.214354963368613 1
20.22433242029199 1
20.26360782498589 1
20.266780385796785 1
20.417636963988077 1
20.45038479335327 1
20.525213265042836 1
20.55174848873033 1
20.566014351779625 1
20.658802190359932 1
20.69299254747634 1
20.87697580292301 1
20.892518480988905 1
21.18724197397058 1
21.23831591043128 1
21.391431317648745 1
21.39991246618733 1
21.45165775745612 1
21.529512574417694 1
21.54491606227796 1
21.56300948823732 1
21.56416711733904 1
21.579819077443283 1
21.619847906780848 1
21.70775927169521 1
21.75219889303256 1
21.757570877146208 1
21.8075569034183 1
21.8089824957808 1
21.849056815131657 1
21.88174014758106 1
21.89989105847984 1
22.028072585566413 1
22.133157591191072 1
22.187989574617493 1
22.228785572814736 1
22.28482267721747 1
22.28639254260529 1
22.29874932147362 1
22.327361976768916 1
22.3364106892818 1
22.609434349671545 1
22.66729311459985 1
22.796850962473552 1
22.82697618347625 1
22.843065896234787 1
22.881821189570008 1
23.025073922585538 1
23.05350022709278 1
23.166779645139787 1
23.404683763856955 1
23.49080364943688 1
23.49700051840837 1
23.643916955206247 1
23.697399347505996 1
23.850833706199506 1
23.95477195245099 1
24.019883649034576 1
24.22638867838892 1
24.337068076974557 1
24.420803792871723 1
24.475777482060565 1
24.5356656724151 1
24.667880395768183 1
24.849861458664943 1
24.86189325910696 1
25.0196251145684 1
25.11173526437887 1
25.35833259545373 1
25.689371073237982 1
25.955494005411477 1
25.97485793121932 1
26.08844043351896 1
26.268037108348054 1
26.305606970790983 1
26.428604767632205 1
26.44778183307245 1
26.76288369669952 1
26.9673047027935 1
27.1783347189244 1
27.2599398350044 1
27.44457915587064 1
27.48056896231137 1
27.54276102657739 1
27.847279463289528 1
27.9708774027889 1
28.243832683596853 1
28.34782670960552 1
28.521319133740462 1
28.579236710053063 1
28.58217207974985 1
28.74934576750893 1
28.766741398094705 1
28.82087416772981 1
28.870931980950296 1
28.90225583775428 1
28.934131994671663 1
29.02454781090418 1
29.03094830800512 1
29.09668934186288 1
29.201382563168007 1
29.34425193397562 1
29.37342211679376 1
29.469100828330756 1
29.491258047156627 1
29.685424033389964 1
29.717002139363892 1
30.421834313698245 1
30.42405379845321 1
30.467609453818724 1
30.62819076442286 1
30.823470387931746 1
30.8280615755162 1
31.02023754591586 1
31.17090375074952 1
31.256360627037605 1
31.30607136044772 1
31.596647163882963 1
31.65767854828829 1
31.914508776347446 1
31.98722648180706 1
32.09686679330388 1
32.19425283366376 1
32.51380616575842 1
32.774021193512766 1
32.88605499080238 1
33.02643146210222 1
33.03332432417082 1
33.15434813446726 1
33.300708385135046 1
33.545459265239934 1
33.91439130133676 1
34.350179628650935 1
34.355423411486335 1
34.61053935138506 1
35.103157566803056 1
35.32103613673695 1
35.76972870926489 1
35.78703522950236 1
35.92695479783517 1
36.30800581728109 1
36.781374390826365 1
36.87442445023855 1
36.95932736469633 1
37.37043315518781 1
37.906346858389455 1
38.028534781004616 1
38.36823407257564 1
38.70005828058063 1
38.71231299738997 1
39.01488417590084 1
39.38800141428291 1
39.76421239771234 1
39.95561016264418 1
40.02377868221977 1
40.53777564678191 1
40.56047069707093 1
40.73128949153629 1
41.0345656210261 1
41.13580814751902 1
41.3110573618691 1
42.21629607918798 1
42.93669813905938 1
43.17254940017576 1
43.46822297408223 1
43.77779758144482 1
43.84394862078992 1
44.15904252290255 1
44.892943984829856 1
44.9316967887514 1
46.14687569085461 1
46.76208407024637 1
46.984985046417215 1
47.13579244166588 1
47.138191970755 1
47.40889795855609 1
47.49275753459294 1
47.62478498380158 1
47.72719498986574 1
48.25421255613497 1
48.48794513911325 1
48.895104670596965 1
49.1164780240863 1
49.59250459948228 1
49.725079998734834 1
49.94783889313911 1
50.44692288609772 1
50.64307589363176 1
51.60252623656144 1
52.27974283377445 1
52.4624560506059 1
54.18033529472057 1
54.29196742331906 1
54.38450104249073 1
54.74456092549876 1
55.11428766452154 1
56.86613943554617 1
57.03114556484205 1
57.18297949994715 1
58.36715690320679 1
60.235192854615455 1
60.39669924142984 1
61.05869927169556 1
62.570330349634645 1
63.484045627705015 1
64.15449968729828 1
64.839175186806 1
65.14845719801387 1
65.26109734844553 1
65.79828393271812 1
66.28158386067287 1
66.84713547187063 1
66.88450211750468 1
70.06045259297204 1
70.34223834335161 1
70.67408766191217 1
71.21915596778636 1
72.97639461549238 1
73.78365735186836 1
74.73011523309987 1
75.22145927723803 1
76.11159287638861 1
76.52883692555967 1
76.91967820644342 1
76.97700422313261 1
77.0877327468736 1
77.40400728593727 1
81.11406807441021 1
84.44515436095575 1
86.52262703228632 1
87.30036197175356 1
87.35186593595328 1
90.1140804887723 1
90.32980642056908 1
94.0046933039552 1
95.31674350577522 1
99.90248736222544 1
100.56157579099776 1
100.94031346494756 1
101.33780868143538 1
103.76186932423664 1
106.04247739027127 1
106.11345774045522 1
117.20012008679578 1
138.33420180183288 1
151.81290717538036 1
154.00182167776936 1
154.1034425775768 1
156.38728892437658 1
159.5659775069224 1
184.48927502116973 1
187.56454310347715 1
205.0306004734506 1
205.2276412512176 1
219.54904933335905 1
234.9161936163249 1
253.82456131382528 1
257.58633307958587 1
272.17592768303524 1
308.576085392346 1
311.57395515363373 1
312.9084264326705 1
378.2236214670722 1
413.138612779328 1
498.9793443684361 1
513.8780450599482 1
593.9750000664619 1
692.1221158995517 1
782.2940364349981 1
1012.0225494410806 1
1271.1540866262171 1
2198.923441030675 1
2210.021998134232 1
2524.6173026417423 1
2751.3882587717994 1
3035.5824664136885 1
5824.946929011023 1
6083.264574157807 1
6120.531749469846 1
250971.54283134063 1
288187.56041109253 1
327720.46454083035 1
350762.291294055 1
352400.722876402 1
366943.1210897845 1
419837.1377771719 1
501065.6798431356 1
512986.3071790894 1
515519.1065193433 1
1376784.9436229914 1
