0.6422945407854355 1
0.7440180762406111 1
0.7629897822006346 1
0.7949293222912733 1
0.8295597688154805 1
0.8362097701470029 1
0.8551107556029668 1
0.8679941510043416 1
0.8999121419994807 1
0.9054960283431271 1
0.91255303899456 1
0.9259058059086064 1
0.959004637158942 1
0.9817807609546292 1
0.9901037158669788 1
0.99282507285679 1
1.013732510548548 1
1.0155383084968717 1
1.030214528817846 1
1.0322687463628917 1
1.0327781160712386 1
1.046218669473569 1
1.0586657537967252 1
1.063449325883711 1
1.078516526224395 1
1.08874522543852 1
1.0902543814687011 1
1.1124453640354943 1
1.115545889992272 1
1.1274599206910627 1
1.1374101335645317 1
1.139911137384694 1
1.1568634952723584 1
1.1584025705323802 1
1.1680968482120426 1
1.1825947566419075 1
1.184662206537472 1
1.193173966600844 1
1.1953131418239968 1
1.196481278999002 1
1.1991936394203222 1
1.2002668846467703 1
1.205921674515816 1
1.2096902513849666 1
1.216699010928792 1
1.2455013837325437 1
1.2586675698703222 1
1.2597030564541738 1
1.2700443949445026 1
1.278213401352136 1
1.2786932683319143 1
1.278822742872231 1
1.281648297258032 1
1.2934169402577684 1
1.293489535916586 1
1.2961217448102789 1
1.2965659221368186 1
1.3028687015796288 1
1.31579834871395 1
1.327558140834714 1
1.3412255318104704 1
1.3461771979201913 1
1.3464614529713237 1
1.3644564295661563 1
1.3822583443942154 1
1.3836032865366068 1
1.3863109390424722 1
1.387036723118836 1
1.390636635263905 1
1.392618543871965 1
1.393761585389119 1
1.4083942900660753 1
1.4205275478718278 1
1.4228623459903578 1
1.4266646371027436 1
1.4301462132565923 1
1.4361282978186034 1
1.4422312620949496 1
1.450465384450057 1
1.4554634833563038 1
1.466807385322085 1
1.47058564973838 1
1.4828749446019422 1
1.4965891532465183 1
1.5127799252008518 1
1.5143329685819145 1
1.5147037942137869 1
1.5158840895550425 1
1.5266699604339526 1
1.5309739016245263 1
1.5519667679073323 1
1.5629536815201173 1
1.5755485445069624 1
1.5763548752933785 1
1.5786669982934365 1
1.6316619284723146 1
1.6357193205577456 1
1.635896155126476 1
1.636931009966002 1
1.6425527717078243 1
1.6467136447544002 1
1.649363881084141 1
1.6520915226042263 1
1.65678130646862 1
1.6600883384446825 1
1.6607366392196443 1
1.6662365838256388 1
1.6725046951668978 1
1.6730024659079248 1
1.6755571325288623 1
1.6822393531398394 1
1.6847302129988624 1
1.686434964900264 1
1.688579075924126 1
1.688697387821428 1
1.691167169254738 1
1.6926917660397656 1
1.694112391251124 1
1.701815982960824 1
1.703884359460024 1
1.7123357611693064 1
1.7131587430872923 1
1.7150858450957385 1
1.7160323735916825 1
1.7195509624475445 1
1.727071620980153 1
1.73578848737295 1
1.7370754695570505 1
1.739915227551735 1
1.7470790051486726 1
1.7570899827579376 1
1.7595609067313516 1
1.760311897978211 1
1.7628132706011357 1
1.7662273202026906 1
1.7708859170770013 1
1.7757270955971 1
1.7774174867237378 1
1.7782592643405437 1
1.7824266539329356 1
1.7838326726166107 1
1.7949328052563167 1
1.8021058358515671 1
1.8022502976122907 1
1.8055074476465085 1
1.8108647232117825 1
1.812095294727765 1
1.81570406373083 1
1.818081570981949 1
1.8211318045034544 1
1.8265107270287853 1
1.8400701212693396 1
1.842366261942869 1
1.842985185485139 1
1.846202352185457 1
1.8491738325469875 1
1.8561045583671472 1
1.8602218779324964 1
1.8625336196324167 1
1.87007505871442 1
1.870090926671018 1
1.8706775837999177 1
1.8737354075959471 1
1.874765852280528 1
1.8777448643942496 1
1.8793022966971569 1
1.8849746892867776 1
1.8854518121011947 1
1.8877832321570005 1
1.89703939343608 1
1.899557222690301 1
1.8999066587928428 1
1.900354100649378 1
1.9011479376018663 1
1.9156625109462944 1
1.9160477410667496 1
1.917507347558814 1
1.919275175851183 1
1.9210123539296589 1
1.9219039234351285 1
1.9237596732647373 1
1.9312027020671931 1
1.933846506689808 1
1.945219270580736 1
1.9487499004533544 1
1.953759063695236 1
1.9616889762674905 1
1.9663755279236488 1
1.968806488808406 1
1.9690838917668791 1
1.971530516103728 1
1.975771911591442 1
1.981766029196119 1
1.9853042927394389 1
1.9875898066793976 1
1.9893576817362708 1
1.99533808360594 1
2.010000683628649 1
2.0204561235183944 1
2.021324142383053 1
2.0268326029088617 1
2.033986140916898 1
2.036220013753319 1
2.0379188924028218 1
2.03872575783854 1
2.039057212441004 1
2.04644023161986 1
2.0539543365641006 1
2.0546867206655404 1
2.0566382410081494 1
2.0598763155951176 1
2.065750726549892 1
2.0664436130392425 1
2.067948218033312 1
2.070110997450158 1
2.070137407566111 1
2.071087023545811 1
2.075033138279041 1
2.0847292416208143 1
2.085072394409598 1
2.0974437045343413 1
2.100948047429549 1
2.1025015364226327 1
2.1057326493177646 1
2.106213535659513 1
2.1085462167417104 1
2.1115620324031243 1
2.112539661682483 1
2.113922238300527 1
2.1141167674416343 1
2.116531691498159 1
2.1175751906782283 1
2.1199535113045838 1
2.128809954785093 1
2.1357407650323177 1
2.1365068292568585 1
2.141369687466649 1
2.1459369489448727 1
2.1473346113907623 1
2.1496544965912 1
2.1617977750569954 1
2.162057035821785 1
2.166376485564323 1
2.1701180397318 1
2.1765845791520384 1
2.1781804302126573 1
2.1816007349284616 1
2.192802820823651 1
2.1963495843027943 1
2.197510108945901 1
2.1992013372248262 1
2.1992171282807558 1
2.1993969297882963 1
2.210022648850218 1
2.212211228012658 1
2.213117836134498 1
2.2137367108998123 1
2.2195182949632275 1
2.2196702769986456 1
2.223677271868252 1
2.22554767738231 1
2.231037017967779 1
2.2312348234028505 1
2.231410809086038 1
2.232616774859368 1
2.233994539313405 1
2.235390878048419 1
2.246667605842237 1
2.2500991834122246 1
2.2503343405231884 1
2.252005629473526 1
2.252109566898476 1
2.262148101984948 1
2.270778186729115 1
2.27248996438422 1
2.2727482428695924 1
2.275681220982172 1
2.280959604158544 1
2.281264355587145 1
2.2884779497129264 1
2.2944005870385715 1
2.295497701472904 1
2.2981450765438733 1
2.2983007663889783 1
2.29853425893878 1
2.303628934457202 1
2.31661948618678 1
2.331154715430333 1
2.335873229265123 1
2.336875556253517 1
2.336989247792417 1
2.339930990001406 1
2.341218514956966 1
2.3413006704498627 1
2.3458898653315026 1
2.347180600031444 1
2.3482537748318824 1
2.348696338512034 1
2.3522177180195323 1
2.353335362026044 1
2.3549741233240944 1
2.3573864724520908 1
2.360618138864905 1
2.364610148742596 1
2.3649285732897334 1
2.370136455123194 1
2.3741602206107464 1
2.3760690633349757 1
2.383520751519048 1
2.384016003039562 1
2.3865689157325964 1
2.39928558617385 1
2.4014815982209448 1
2.403564864505177 1
2.4037143129689995 1
2.406936514283301 1
2.4069410980198227 1
2.407448727246655 1
2.4102202715930043 1
2.417088261306892 1
2.425409364539062 1
2.4318129286938546 1
2.432653792897878 1
2.434620419226908 1
2.438120782197824 1
2.447565549480243 1
2.450097708634717 1
2.451357510170248 1
2.452944025991715 1
2.4603104969578937 1
2.467890352678148 1
2.4687171560213867 1
2.475504269610105 1
2.475778435400616 1
2.4787559142019955 1
2.4829596583070472 1
2.4840068703545146 1
2.4858912408485256 1
2.4913094182718627 1
2.496732182010984 1
2.505073231388314 1
2.50520616478547 1
2.50623986676999 1
2.5065722253614795 1
2.508833651812447 1
2.5099844832886804 1
2.51158789135727 1
2.5119152206275057 1
2.5128093546222514 1
2.5128994236452 1
2.514455363856715 1
2.518965533118382 1
2.522944749697517 1
2.524813190460436 1
2.525675777540955 1
2.527024880306131 1
2.527425495662858 1
2.528090514551843 1
2.528405447548715 1
2.528635893135905 1
2.531919195251438 1
2.5363246941435147 1
2.5372586799339287 1
2.5374066294155933 1
2.5399228481000438 1
2.541410917937762 1
2.5423020103371985 1
2.5430843262991014 1
2.5436164060191566 1
2.54527716147708 1
2.545732782796604 1
2.5468030958790338 1
2.5489740834077748 1
2.549356830560559 1
2.549431491053168 1
2.550921042582395 1
2.5539022723659133 1
2.554820993852552 1
2.5623221495623736 1
2.5632164438667018 1
2.564129612696954 1
2.5681527001318893 1
2.5702098251025176 1
2.572067335710151 1
2.57404561713953 1
2.5751704135955884 1
2.5790327301947533 1
2.579198056995069 1
2.579723970645174 1
2.5848374840555217 1
2.5877497760382417 1
2.5918478789679638 1
2.5955091148350946 1
2.5960667668466684 1
2.5991542342259883 1
2.60487978987536 1
2.605668484751215 1
2.612515620768212 1
2.62041888051337 1
2.624104523822102 1
2.62778452569888 1
2.628810944415684 1
2.64186089546622 1
2.6424210139757425 1
2.6431293032825978 1
2.6460926547256047 1
2.6488951352264656 1
2.654236982880007 1
2.661373085762062 1
2.6660491845399714 1
2.6674878708676606 1
2.673618256125416 1
2.67713765845548 1
2.678552351364983 1
2.6813436700901017 1
2.6828294295532493 1
2.686009833703753 1
2.688442062336545 1
2.689738223556459 1
2.6971785061839024 1
2.6987022801264926 1
2.698795068316139 1
2.7060872589081777 1
2.710905041615424 1
2.712136063151818 1
2.7256890375482143 1
2.731240618822779 1
2.731827413536044 1
2.7346239692576484 1
2.736790214329929 1
2.7412437108407213 1
2.743257148883696 1
2.7433314735204086 1
2.7505019184646318 1
2.7518015749672267 1
2.7533321204213435 1
2.755292166855872 1
2.7558381562959453 1
2.755848569940172 1
2.760920956881962 1
2.7671439748444424 1
2.767475101843828 1
2.770930269590973 1
2.7716247685190734 1
2.779249467562049 1
2.7807983927499187 1
2.781702791795417 1
2.784738525881885 1
2.791906227551425 1
2.7923456941962144 1
2.8058874724279987 1
2.818518059213447 1
2.821908473303491 1
2.8232972558829066 1
2.8248434314191115 1
2.825674994180635 1
2.829765751560421 1
2.8363950587719944 1
2.84873541229192 1
2.851639460963407 1
2.8631439558905294 1
2.8643102542236667 1
2.864748422222744 1
2.8738540129737027 1
2.8742196985016952 1
2.8744375052224083 1
2.8751724930419624 1
2.878318986213102 1
2.883807916626528 1
2.900144446242268 1
2.9032221760258845 1
2.9131724115885023 1
2.9202958974997784 1
2.921093120717473 1
2.9251845299031194 1
2.929301751430521 1
2.930356741619128 1
2.937633708549182 1
2.9397823244147263 1
2.9406421017687445 1
2.943413633027432 1
2.945204816291734 1
2.949416527258732 1
2.9539166850765923 1
2.9540547259662144 1
2.9600378976335957 1
2.9601814547992524 1
2.961954402632562 1
2.9639730253926504 1
2.9704767337543934 1
2.971951386454386 1
2.974119684370688 1
2.97471393765113 1
2.993133794590166 1
2.9942384073486514 1
2.9982777435393912 1
2.9992967561585404 1
3.006625508730058 1
3.009259319413087 1
3.0096994230899723 1
3.014428701868187 1
3.0255228839733914 1
3.030299150787952 1
3.033444605799825 1
3.034206900679459 1
3.035397830436121 1
3.03633949395397 1
3.041598638130632 1
3.0420256924848 1
3.051789742275926 1
3.055703087283804 1
3.059031560273508 1
3.0616080405697037 1
3.065275827164355 1
3.0721927390125336 1
3.0766208301835856 1
3.088705726328185 1
3.0893231280363973 1
3.092934256529242 1
3.0991387902959406 1
3.100424194481634 1
3.1040576419955626 1
3.1067344780620525 1
3.1107218657818687 1
3.111475162254952 1
3.1165471639171702 1
3.11663468399822 1
3.118872306952319 1
3.1212082832084573 1
3.121824613276929 1
3.12227146602568 1
3.124458650215841 1
3.1244700511474277 1
3.1267590656722457 1
3.129323821472969 1
3.138105894753966 1
3.1392164958467323 1
3.1397473013650314 1
3.141534256173529 1
3.142787405120268 1
3.14282181297198 1
3.153467265635971 1
3.154536632953849 1
3.156761680981592 1
3.157724919358698 1
3.164759699313642 1
3.171148341758788 1
3.1742892942196343 1
3.179498294205592 1
3.1849453695213548 1
3.1924582514497266 1
3.198217747067672 1
3.2034183685190736 1
3.208958982600964 1
3.210108031608154 1
3.2196017031272683 1
3.2225762692671576 1
3.2295963699019685 1
3.229734168832904 1
3.233604688032563 1
3.2362358736720047 1
3.2407402515625816 1
3.254009010962833 1
3.256305920315991 1
3.2584206554668405 1
3.263133855908288 1
3.264134635200985 1
3.265588957857356 1
3.266210564992796 1
3.26632720127222 1
3.269624744125831 1
3.274418733603531 1
3.2756838143623868 1
3.287356374923178 1
3.292624959864205 1
3.305033430786137 1
3.3085839410430387 1
3.316820986192423 1
3.319593406873818 1
3.3251407726986093 1
3.327271809671906 1
3.336631131009953 1
3.3392820214962304 1
3.340318696650459 1
3.341650978890151 1
3.3466460744514483 1
3.350161766785772 1
3.356152602759072 1
3.3585869182969263 1
3.3629900290505024 1
3.3685246794352413 1
3.373174062446962 1
3.373461497742797 1
3.377255540582005 1
3.3861116365227697 1
3.388352028212145 1
3.3898450462379435 1
3.39056326136269 1
3.3925294838308737 1
3.399408550230127 1
3.4072150940814114 1
3.407684781451622 1
3.4112269321110986 1
3.425703759251759 1
3.433973537804057 1
3.4370815960354157 1
3.4499959615005507 1
3.452039547329005 1
3.453571524962776 1
3.457968119477153 1
3.458921222799131 1
3.4696264195055297 1
3.474497575976952 1
3.477615005949468 1
3.4877654183165765 1
3.4882471007791267 1
3.495335297917515 1
3.500854395037772 1
3.5034989042953684 1
3.506190887358446 1
3.514807724146728 1
3.516944116015437 1
3.5196484492980304 1
3.5209766440651302 1
3.521136084606288 1
3.524692869432031 1
3.5259988304014005 1
3.5347349702414093 1
3.5389564573982626 1
3.5422944617347434 1
3.5545876700272814 1
3.5557015372198792 1
3.5604140548556846 1
3.569160329515956 1
3.575877526271303 1
3.5764125067435315 1
3.57702838272299 1
3.5806797672128408 1
3.5826607948307294 1
3.5894161789591488 1
3.59330818998444 1
3.608849205671318 1
3.614314272595212 1
3.6158173628837016 1
3.6178601240278576 1
3.6261029796463102 1
3.6301129133832486 1
3.632006833668642 1
3.634542180027852 1
3.6482523792688784 1
3.6508333929098526 1
3.6554976756635504 1
3.655580153205896 1
3.6659196575869126 1
3.6805032314274895 1
3.683745598422557 1
3.688462255211268 1
3.7069313281753535 1
3.7096592329800258 1
3.713740164374962 1
3.725641494573973 1
3.736496930210698 1
3.7388550109487286 1
3.75383659577032 1
3.757520651062607 1
3.757988196001105 1
3.7614729988659215 1
3.7662820003661306 1
3.773316974511937 1
3.789209139422375 1
3.791660087751792 1
3.797099638264559 1
3.808520946236016 1
3.814178623080368 1
3.818768996296423 1
3.819638123381397 1
3.822558413687762 1
3.82310368168114 1
3.853337726384188 1
3.869107628417079 1
3.869145469371073 1
3.869783277522755 1
3.871890748215815 1
3.87773988586418 1
3.8857811889522673 1
3.891447076251463 1
3.891907301570014 1
3.905871730002192 1
3.906380565059984 1
3.907461875098536 1
3.9077794067665392 1
3.912459239037882 1
3.926299311358486 1
3.9278992054178072 1
3.933534751329771 1
3.933619640077208 1
3.934409750259807 1
3.937554964987828 1
3.938636741034215 1
3.943171061428631 1
3.949469250203428 1
3.960171399327781 1
3.9682558810394215 1
3.9696740003364464 1
3.974533273107409 1
3.974854409635179 1
3.975535766985413 1
3.978018308587281 1
3.9929407721200114 1
3.99409416458186 1
3.9942909111545695 1
4.002250643581539 1
4.0032150217176525 1
4.0083796573841255 1
4.009777076573212 1
4.018996242699421 1
4.020805424456417 1
4.022692928426404 1
4.023836627862465 1
4.025082135736993 1
4.029446520526631 1
4.030377071047146 1
4.051475418202955 1
4.0558575247160125 1
4.058420475239184 1
4.060374465653378 1
4.063510234852902 1
4.0643385255717455 1
4.077432195389675 1
4.084099307770563 1
4.090234136435647 1
4.095352895926029 1
4.09711561610319 1
4.102161307126733 1
4.107219901704782 1
4.10955320486146 1
4.140737703690016 1
4.142266218582845 1
4.146274504707776 1
4.156162129758164 1
4.157416167999947 1
4.162146305333978 1
4.173629177917802 1
4.178137468379823 1
4.183285048549728 1
4.187890581911168 1
4.198784945962287 1
4.213897127034166 1
4.221269231985207 1
4.237084401221037 1
4.250540614140978 1
4.263618688732396 1
4.268906257810962 1
4.285846440547554 1
4.299453664999692 1
4.302503558022645 1
4.303109174873866 1
4.308158487598092 1
4.308264398183538 1
4.318579225525432 1
4.32534114896334 1
4.337580238960815 1
4.342204675959439 1
4.353472052541554 1
4.3620577465966806 1
4.368169346764066 1
4.3768961540307965 1
4.382687917747721 1
4.385953676583081 1
4.386152242632601 1
4.386623040504154 1
4.3920042607327865 1
4.397197467110695 1
4.404654122560623 1
4.407904799105952 1
4.409307053169933 1
4.424837046499473 1
4.429775918096538 1
4.434417389031056 1
4.442022445815488 1
4.446490505274884 1
4.456143213933637 1
4.456388621039804 1
4.4740727750751645 1
4.4764733738951366 1
4.479388121689432 1
4.493295886267469 1
4.503463798920146 1
4.514636054367489 1
4.523695112366866 1
4.527876819423784 1
4.541365441418834 1
4.546382457293669 1
4.546483466013852 1
4.563091666921598 1
4.581264428507997 1
4.59327111357021 1
4.603839212937972 1
4.61052603787964 1
4.611509477313259 1
4.629678383929791 1
4.643303958257984 1
4.65305654538292 1
4.670712688599081 1
4.671125450622533 1
4.672954054815175 1
4.678128184904912 1
4.7072845634510285 1
4.70996861326716 1
4.714989926847643 1
4.726660249804867 1
4.729437326983691 1
4.730649702416581 1
4.747171152142833 1
4.759280792707252 1
4.7598051965947015 1
4.760512351102183 1
4.769663918356064 1
4.810154338315426 1
4.828901241958093 1
4.829552116922323 1
4.839212033926014 1
4.849175739523897 1
4.861491966811424 1
4.87327698975687 1
4.892806779026958 1
4.900290986059715 1
4.921630716929187 1
4.929398039661429 1
4.932143212858399 1
4.936396201298286 1
4.939125151764303 1
4.95798369963266 1
5.026171448806083 1
5.026566357226421 1
5.0428196224651805 1
5.044525571231005 1
5.051593136850471 1
5.053480018769877 1
5.066297645750028 1
5.069720418443723 1
5.07037716665825 1
5.126224967694476 1
5.157855465381624 1
5.162239231392419 1
5.166713986989662 1
5.228533028394283 1
5.295881225367295 1
5.300114288518699 1
5.316172903285532 1
5.327997231874865 1
5.334378319621392 1
5.371192599661807 1
5.372766072606251 1
5.3851263194324615 1
5.390649251414551 1
5.3934301190793 1
5.399387954454226 1
5.41377068006414 1
5.43560832403283 1
5.441526066831682 1
5.4416051123326215 1
5.459127445384404 1
5.459862568036999 1
5.460492283197368 1
5.46826963941819 1
5.468341670870595 1
5.501128749475452 1
5.501794445740326 1
5.504970664693756 1
5.519158644725008 1
5.529268946211571 1
5.5304274139833245 1
5.542742160718715 1
5.558987031796249 1
5.563393627414355 1
5.56838765882789 1
5.583943062811189 1
5.61968987171044 1
5.625572434090384 1
5.657728723196962 1
5.71099675288836 1
5.744454494620824 1
5.780595299896553 1
5.818784889460165 1
5.825197529409045 1
5.834533924375991 1
5.84309616326036 1
5.8732419044602775 1
5.876100046125297 1
5.889309638504649 1
5.9319746214800055 1
5.939323093984849 1
5.944814408061659 1
5.948699996565059 1
5.9513216858576286 1
5.956900865922534 1
5.9632508453437545 1
5.972497709588023 1
5.994646460729171 1
6.03638228285955 1
6.061201232693686 1
6.065831882439102 1
6.070446072636824 1
6.073266576561796 1
6.099000454976084 1
6.119065266702589 1
6.143990223696102 1
6.145635369177116 1
6.1925961406712045 1
6.20187725859288 1
6.247032244676041 1
6.3213297094372205 1
6.405946707796802 1
6.411264327976589 1
6.424466560284284 1
6.442994018600405 1
6.460483003247745 1
6.5463226817453615 1
6.639876817666849 1
6.656331151335888 1
6.667367894945695 1
6.715260215894224 1
6.750996518681418 1
6.8036788294965085 1
6.821282071643173 1
6.842092581317268 1
6.873601423379632 1
6.877202157629114 1
6.889652288290232 1
6.965271867182729 1
6.996668892762004 1
7.021335926563105 1
7.074460197595717 1
7.087524619996403 1
7.094420692632386 1
7.107852313216964 1
7.126745337574303 1
7.129832582805534 1
7.145644466737616 1
7.14577021574003 1
7.207642966350288 1
7.212483574569481 1
7.245834774604278 1
7.272052815285653 1
7.303015844762918 1
7.311654858270128 1
7.330919101446255 1
7.391380679385741 1
7.400956864958285 1
7.407980720374042 1
7.475288601194071 1
7.51857493960478 1
7.551833919817333 1
7.597464443470241 1
7.600367615991516 1
7.649906515907945 1
7.666966572766688 1
7.702000737260453 1
7.716570482833806 1
7.740009328581775 1
7.820855506492486 1
7.842177290224656 1
7.847430853619399 1
7.957452159686727 1
7.995072915696743 1
8.066794106207269 1
8.108564305657637 1
8.33852514839144 1
8.569365070982379 1
8.571340902344216 1
8.688821165528507 1
8.8949981033654 1
8.899170823550564 1
8.937543974138295 1
8.94545966881863 1
9.080268028322948 1
9.30601997218472 1
9.41506286003001 1
9.431455111797836 1
9.509324274871211 1
9.632782382915982 1
9.77202198453526 1
9.863194597727944 1
10.051856001886764 1
10.739936344603912 1
11.49023547034405 1
11.521585268776938 1
12.456664005971902 1
12.633198724177488 1
14.569420413404924 1
92.85009347225294 1
99.4190889679545 1
100.03020150628409 1
107.0356921404585 1
109.81432711851704 1
111.9003303012282 1
122.13321159017416 1
128.48253706506264 1
129.6540916212378 1
133.1448841921267 1
139.2457280349708 1
152.4074731093863 1
153.3155150846175 1
158.77516763402477 1
160.70334219027575 1
162.2535650872574 1
165.20911124884452 1
168.7370662806735 1
170.9381863653435 1
174.14339823491167 1
174.99391944158904 1
175.2072681212283 1
178.43975562984122 1
180.3695535489654 1
180.9260870331082 1
182.3453576491061 1
186.5124695967504 1
189.52225787023028 1
193.69424790016183 1
194.77215936286248 1
196.77466114242776 1
196.81140664971733 1
199.27240203942975 1
202.81726526528308 1
203.80781314527547 1
204.30959611151664 1
205.4911882207344 1
206.7706304445092 1
206.86901776503805 1
208.08837679970128 1
210.99796186360064 1
211.1135537659212 1
213.00348870837487 1
213.1126425348522 1
213.96448721837817 1
217.2924336119478 1
219.30471562061223 1
219.5736912233272 1
220.13419922896884 1
221.56501006304447 1
222.090720740446 1
222.7987238462478 1
224.992402392635 1
225.58942231991512 1
225.9915494565125 1
227.6526177690915 1
227.83835216756376 1
228.12452039577505 1
231.74660280185063 1
233.5411155932646 1
234.62109846913427 1
235.52659501399108 1
235.5336950373113 1
237.19644350575604 1
238.4743747207368 1
238.51289034222657 1
238.560591742373 1
239.79407733551733 1
242.2363141904018 1
244.7573657940312 1
246.56895895019815 1
246.78246911266217 1
250.24123537919704 1
250.9344733174684 1
252.43580893171196 1
255.44817587508237 1
255.53079720486244 1
258.2099617085264 1
258.64478499035465 1
258.92229220119043 1
259.108073735403 1
260.99382063136835 1
260.9995018916278 1
261.5686836646676 1
262.67285558088435 1
263.2658291709347 1
266.1415404773899 1
266.49875196326474 1
268.9325992017716 1
269.1655678748397 1
269.9770649354656 1
270.6033704298042 1
270.76045889906635 1
270.83158764239647 1
270.9378147281746 1
270.96112657292247 1
271.6550574351984 1
272.4292851151953 1
272.4543489498692 1
274.33057022792855 1
275.4022193342989 1
275.4484559831855 1
275.73758099829814 1
277.0652458134519 1
278.2116233489412 1
279.0441210190761 1
279.68978378948304 1
282.7921749355729 1
283.4547655763588 1
286.6787331486157 1
287.3858157555451 1
289.9324612319106 1
290.02171953452 1
290.05233731413443 1
290.3676619327921 1
291.517956854874 1
291.6734858484735 1
293.20839508321365 1
293.3587044056152 1
293.53286098780234 1
295.4245482421222 1
295.54310005256536 1
295.86761598602783 1
296.02271140134553 1
297.3538543291806 1
298.2105529974578 1
298.3066046188334 1
298.40366160182685 1
298.4098213051399 1
298.7508299846385 1
298.9107660278668 1
299.0445188086546 1
300.35099669603585 1
301.47726602332574 1
302.2922687517573 1
302.80819304000704 1
304.50342996834894 1
304.59440987680813 1
304.87866385538143 1
305.20330190307646 1
306.0535792555977 1
306.3165469927282 1
306.7382282459429 1
308.0197525038435 1
308.81740289533184 1
309.66367857063386 1
310.4036383534819 1
312.1030459863121 1
312.48945453530285 1
313.4611122586383 1
313.4821546839819 1
315.77934782442696 1
316.07054934446774 1
316.1810075180572 1
316.1923834497611 1
316.5003548674245 1
317.43279316717417 1
319.72303786984736 1
322.38805115267274 1
323.94216387586545 1
325.3668430208255 1
326.42069928777505 1
329.23760660666414 1
331.04598544544774 1
332.2173469487037 1
333.7349799442917 1
336.1288784711052 1
336.2836237982748 1
338.08499730827225 1
338.10702688453785 1
338.21665958608133 1
338.3049838107391 1
338.6092955025099 1
338.8927008525553 1
339.3378647348261 1
341.3879064527208 1
341.8825999156567 1
342.74444985388124 1
343.17372165213345 1
346.63439718044737 1
347.880918179264 1
348.01826802553626 1
348.96517573670445 1
349.114366995606 1
349.746449177735 1
350.62622028568705 1
351.9520281948263 1
352.6706025965065 1
356.3155235350622 1
357.91222764685807 1
358.9443421055189 1
359.18654538243703 1
359.2301655130919 1
362.10690868324014 1
362.25746610771387 1
366.026758849933 1
367.9855997613898 1
368.2268627226488 1
368.5100961006973 1
370.15527791255926 1
370.4680484913309 1
370.87816906864487 1
372.18481376314753 1
372.262897256763 1
372.3337650572879 1
372.3411808304316 1
372.4250176894345 1
372.4653528527269 1
373.7543813161148 1
374.19185589619474 1
374.27253778020696 1
374.6207723643004 1
374.69193252372895 1
375.60765839202 1
376.4942626132588 1
376.8410390067686 1
377.54735226493455 1
379.0866998931138 1
379.5564255587278 1
379.7466197642652 1
381.565961337306 1
382.5054969107521 1
384.7937849281667 1
385.1349724670272 1
388.1041151084462 1
388.651952309198 1
389.7721848605241 1
389.8350874055652 1
390.2731595273392 1
390.4903801851638 1
390.6429846473532 1
391.94314351203496 1
393.013789223052 1
395.894008405552 1
396.1467302285639 1
397.3240532599592 1
398.937015956523 1
399.0364702371098 1
399.5678342199294 1
400.4847593030429 1
401.0167237702914 1
401.1244975583877 1
401.3564881389096 1
402.47277496091937 1
402.9913981660965 1
405.20444361788026 1
405.4824327814142 1
407.76625059856553 1
408.2542233832162 1
411.32677998400027 1
411.5732536895385 1
412.1857312324831 1
413.2478251723204 1
413.31218707002 1
413.3272985988978 1
414.4944999797644 1
414.8596910952256 1
415.5495305541098 1
415.5573001811399 1
416.0784611243126 1
416.18514916693175 1
416.9167269257919 1
418.3712769099496 1
419.3753043111998 1
419.8006065027823 1
420.2823093093353 1
420.5008440389827 1
421.48713592432057 1
422.293039757487 1
422.67547864455145 1
423.2011592014949 1
423.2174340389653 1
423.8816439037757 1
425.5977432513485 1
429.5983577298803 1
429.8856525663639 1
430.3983842022709 1
431.091690637262 1
431.5251330364977 1
431.8288647591388 1
432.007237941743 1
432.13915043820015 1
433.75682510322304 1
434.517733246041 1
437.2947492587135 1
439.9962295003302 1
440.92004439752793 1
441.3588973663114 1
442.09824937386975 1
443.9627980081926 1
444.1411464990912 1
444.2719672448482 1
445.0197362200997 1
445.8652600045269 1
445.91529806158064 1
446.3549621211187 1
448.6822926045284 1
450.65199545966254 1
454.0778375869423 1
454.3662349400608 1
454.81515793924353 1
456.9127130921436 1
458.0479765794855 1
458.4153643151632 1
458.9238879622966 1
459.9090622673549 1
460.30953644742505 1
461.0522463923025 1
461.67229527551007 1
462.3701496180756 1
462.4581904005588 1
462.5406521834871 1
464.3034575914526 1
465.3184530311112 1
465.3573532528324 1
465.5188233494962 1
467.7366903638186 1
468.5259232444795 1
469.2989580573586 1
470.580451477616 1
471.3706037977356 1
471.562546459592 1
472.89949783434463 1
473.04616386273216 1
474.63348193321406 1
475.57172809876187 1
476.8777066529908 1
477.8707630757439 1
478.3428920635 1
480.00832834187855 1
480.68400736414736 1
481.95186761258816 1
481.977327607389 1
482.1697954305099 1
482.2699597589842 1
483.6101103707397 1
483.9840719680464 1
484.06596343612745 1
484.2731783213329 1
485.24937899128 1
486.3529069138039 1
487.40631151577605 1
489.3663711043533 1
490.9256318887658 1
492.28968394545245 1
492.7111865874169 1
492.9107445719576 1
496.1165045147303 1
496.9346284424835 1
497.2938968153633 1
498.1395037096023 1
498.5877537745129 1
498.6586164720909 1
498.805023220118 1
499.0154106511842 1
500.18034927374606 1
500.3925500974814 1
500.8329937366112 1
500.9195876422182 1
503.0917703611989 1
505.4212011860965 1
506.42834887835386 1
508.4029495861489 1
509.00178503865806 1
509.4453721328872 1
513.2607469783662 1
514.0819885373554 1
514.7293507498159 1
515.1187732325532 1
516.5786338358056 1
516.7296432580648 1
516.7539632443069 1
518.1165202474722 1
518.5980508394466 1
519.1920627401879 1
519.3230825161769 1
521.3170283228399 1
521.6473166061644 1
522.4529779711974 1
527.1993858546881 1
527.5537303211146 1
528.9127358655177 1
530.5399761722633 1
531.7481543210985 1
531.9419284012204 1
531.9447513324865 1
534.7484036621531 1
536.0401190307011 1
536.477342245584 1
537.2678525943057 1
537.659712656347 1
539.3392957614254 1
539.5431949809903 1
539.5949801128202 1
541.391366481979 1
542.042296047261 1
547.358239151696 1
548.176248357362 1
550.1940595279625 1
551.1194535410423 1
552.7386073803084 1
555.0580986217116 1
555.2270545996729 1
555.6577158630665 1
555.8996766684045 1
556.2491946081777 1
556.4132604944035 1
556.6731342676577 1
556.8111061546173 1
556.9794008088812 1
557.5689331040963 1
563.0291119017843 1
564.7702207478134 1
565.7474803625165 1
566.5974679800944 1
566.9787713138304 1
567.7494840459043 1
570.1805172964024 1
571.0781141445011 1
571.3434837999879 1
572.4001290896431 1
572.4521112601103 1
572.4707548936851 1
572.6529798488964 1
575.7792847324193 1
576.1080250303426 1
577.0666663774559 1
577.2919019402161 1
577.9482844628981 1
580.3358814242578 1
584.1810022358873 1
584.7299010737688 1
592.5439713598084 1
593.3720293220512 1
594.213938404962 1
596.1771614334741 1
597.2311104672189 1
602.2444011268287 1
602.2522977953817 1
602.6056488950577 1
603.7439567014579 1
605.657231695974 1
605.8404817225933 1
611.9565872658364 1
612.0326117579549 1
613.8722716229323 1
613.973926412421 1
619.2162481440166 1
619.2386100199144 1
619.8166683542945 1
620.9784259729638 1
621.8651315902484 1
624.375115076109 1
625.3285550754 1
627.364211609913 1
627.6979641434053 1
628.165665027542 1
629.5163794780859 1
630.8446935605513 1
630.9274337822719 1
631.8695489423118 1
633.8441877003502 1
634.085272314249 1
634.3912552844176 1
639.0138808049426 1
639.3834963329589 1
640.9031702680214 1
642.4474746018154 1
643.5435849438867 1
643.6476828287799 1
645.3848071687714 1
645.6628954600478 1
652.1678768514234 1
652.48469210568 1
655.7688912758628 1
658.6637145914481 1
663.2067020285764 1
663.870064264459 1
664.6936044635648 1
665.9154584490137 1
666.4363154407492 1
668.4996004863696 1
669.6089285877317 1
669.7697883209571 1
675.252506682464 1
676.4404512811516 1
681.3876690217409 1
684.847802393339 1
685.1877255337031 1
685.3706805343419 1
685.7759773480622 1
686.1457659951614 1
686.3748089806124 1
686.816540834014 1
688.2543797917326 1
691.8880922151615 1
697.2506302318357 1
697.5064143399791 1
698.9996183281991 1
702.4631865831819 1
703.8350190198818 1
705.6692404220003 1
705.7985793169379 1
707.6329972163383 1
709.5607566348967 1
710.7441428537682 1
711.9048247269886 1
712.5945595038113 1
714.397610695133 1
716.0396491419914 1
717.128540218886 1
720.5712342820036 1
722.830355788401 1
726.4879972927831 1
732.3518088217863 1
732.738904030021 1
732.8311764765601 1
734.0281435249552 1
735.4784543105275 1
738.4070803444174 1
739.2524742766373 1
741.5995296097195 1
744.6924585555441 1
746.0322294851046 1
746.1150495300607 1
749.1028838453866 1
749.5244179002171 1
749.6508386996791 1
751.7592660471778 1
755.7335609423508 1
756.2900682731455 1
760.8241282374541 1
764.1218725514136 1
765.3734814407755 1
766.4096165342662 1
768.7206522733836 1
768.7799578435128 1
769.9250860714423 1
772.1318830778492 1
772.3816281597065 1
773.2439552218444 1
773.6219245195545 1
774.0533181513099 1
774.2829176566855 1
775.7646202548285 1
779.7608252768862 1
781.5078808321327 1
781.6459492086123 1
782.3650550983866 1
782.8770094008303 1
784.5991150651708 1
787.130605114248 1
791.2995229014017 1
798.2686855576385 1
801.5297318643344 1
801.8965164328494 1
802.1392081889716 1
802.3807105522136 1
807.8159512706012 1
808.6184357318449 1
812.341624320579 1
816.4012643616999 1
816.7320861705757 1
818.9318117820507 1
819.2015165074878 1
821.6056993383297 1
823.0920649383977 1
826.2618636386046 1
826.3697100128476 1
828.339619221831 1
829.1160738636717 1
833.0152404985498 1
835.0118053854732 1
836.7222705494007 1
838.7457635580307 1
840.140883486408 1
843.994305766117 1
846.2260055851427 1
846.2668010642883 1
847.2168908182473 1
847.8077493816445 1
848.5178982949789 1
848.5293067313215 1
850.846641104888 1
852.7399558381613 1
853.5248474155513 1
857.106236889798 1
857.9147055281672 1
859.3708244967822 1
860.3379652163457 1
861.2366113460362 1
861.2911613410794 1
861.8039584862528 1
862.7820610458549 1
865.9406492318275 1
866.2442563521839 1
872.3532671875319 1
872.725504958239 1
876.5157244880954 1
880.0687869403749 1
881.6780683101656 1
885.1548433360451 1
885.5204777393653 1
888.0266151063407 1
891.8620813009218 1
892.6273278018256 1
893.341131666892 1
894.609940817937 1
897.7517474806963 1
898.7792642716242 1
899.6147480863049 1
899.9192497717333 1
902.6740307800728 1
904.8142100371896 1
905.1740239623762 1
907.1567947585625 1
907.9034711336524 1
908.622253090418 1
909.6695389603406 1
911.5970665406944 1
919.1856586740996 1
919.4980473465793 1
921.8394930936556 1
922.0054451492992 1
922.3883898393468 1
923.3358416000056 1
923.646526583566 1
926.3164654419196 1
926.6109842047794 1
929.5457638633584 1
930.741564318503 1
935.0896443371904 1
946.0492369381352 1
951.3013015642642 1
951.3502394290806 1
952.09331266928 1
952.4068227529974 1
955.2567304570114 1
957.4201900537424 1
958.437881989972 1
958.6259632658712 1
962.2579588648288 1
965.5611465276286 1
967.18147984187 1
969.3046657267918 1
969.3155380360088 1
977.858844109486 1
986.4419634543268 1
987.0194120664166 1
987.5922069483736 1
993.809960622336 1
995.2450550671576 1
996.077410269326 1
1000.8600714991928 1
1001.8709065032692 1
1005.6119455462951 1
1009.702817660591 1
1017.1560575833564 1
1017.8071432312328 1
1018.8372066862212 1
1020.2019310303576 1
1020.6489048166864 1
1024.900117241803 1
1025.421205406657 1
1026.550276727996 1
1031.6972222869713 1
1033.1069624000934 1
1044.0088337388029 1
1044.6872551101435 1
1047.5043150769395 1
1052.538081979299 1
1052.5582972635457 1
1052.9364980613364 1
1053.5632571993017 1
1054.5338707894405 1
1076.920707762224 1
1080.6136289783203 1
1088.0741942635111 1
1090.7235077458165 1
1094.2855161901848 1
1099.3184729388463 1
1109.6024535772203 1
1113.1824277663345 1
1116.33051454357 1
1117.267334915016 1
1117.4099620553616 1
1118.2264689637395 1
1119.465867687498 1
1119.5163754054652 1
1120.392382627396 1
1126.5761528516723 1
1128.845520618543 1
1132.2698861380445 1
1141.5008131906677 1
1142.2241877740914 1
1148.1657546817726 1
1148.255289568175 1
1149.569707666467 1
1152.69337765097 1
1152.7202809581356 1
1153.7691275341458 1
1155.0953897945287 1
1164.3377214077066 1
1169.5435981557932 1
1176.381502475194 1
1176.7278805088165 1
1179.5591031618071 1
1180.999520499019 1
1181.3365514376312 1
1182.296233762439 1
1186.6761932758309 1
1191.7811561619933 1
1193.7178119860766 1
1197.766218789612 1
1204.48077517407 1
1207.0517045261995 1
1214.661741251523 1
1219.762125295301 1
1226.7511171592585 1
1228.764240795259 1
1233.4731112053407 1
1236.4698718281272 1
1254.531267817393 1
1255.171062478629 1
1257.6597836118287 1
1260.036446420811 1
1263.148667960886 1
1265.7854128029833 1
1276.2423251416376 1
1283.16668315761 1
1294.331258851995 1
1298.1659929377442 1
1307.8413870611284 1
1314.1034541219085 1
1316.832198953906 1
1317.908464217293 1
1321.3556012659797 1
1334.536043809504 1
1344.199524207842 1
1345.5925904875646 1
1347.3627077079427 1
1353.3469071785366 1
1359.3734768339243 1
1366.1844754104425 1
1392.8913098322769 1
1402.9548749203814 1
1409.0040301402198 1
1412.2699729244378 1
1427.475892833167 1
1429.326498319814 1
1433.9559271687249 1
1435.1375351245297 1
1438.9760488394656 1
1442.630173089202 1
1443.7157462603475 1
1451.5887114065545 1
1453.581872627347 1
1453.8451470096836 1
1458.8234449828371 1
1459.2130625315774 1
1467.4885877168726 1
1475.5414578777434 1
1476.3795905745028 1
1481.5179959940674 1
1484.5776081252804 1
1497.3650474304288 1
1506.399101220757 1
1522.522243707257 1
1522.7326102820327 1
1561.2428890306371 1
1563.226956785425 1
1563.42554826952 1
1582.758502983893 1
1587.680023733746 1
1589.0034598652985 1
1590.1224098280272 1
1590.5913812030478 1
1596.5775775307254 1
1600.5807880924592 1
1603.3370537706408 1
1606.128538605401 1
1611.5722934366252 1
1613.750959587995 1
1617.944538874788 1
1624.1436728989454 1
1628.1404019764095 1
1628.3066138795766 1
1631.199293074238 1
1634.5143494126814 1
1634.7780586523038 1
1634.9103246742898 1
1635.4940819497028 1
1636.1600622019434 1
1645.7836371172189 1
1647.785147692185 1
1648.102272658779 1
1659.5157377944724 1
1664.3735541923145 1
1676.1699932224751 1
1711.8328493706454 1
1729.998043577107 1
1730.263233731608 1
1743.57561544656 1
1746.7272194753937 1
1750.62855098058 1
1754.2128414771764 1
1755.7772179986953 1
1758.1650929172963 1
1761.0342872581766 1
1767.3308393238533 1
1768.3003997578076 1
1771.4743504720914 1
1782.637831756815 1
1807.288952863314 1
1816.3023285878592 1
1825.3393879732985 1
1835.1036863204192 1
1842.375615626318 1
1847.2515544398696 1
1859.9492456805783 1
1861.7856741438668 1
1887.6028274934836 1
1897.97576697683 1
1906.977016611528 1
1911.346619447905 1
1928.1883617574763 1
1944.878265987504 1
1944.941354422052 1
1947.582432149792 1
1976.185439654052 1
1989.4497687702435 1
2003.4936565716805 1
2015.1228736254432 1
2030.961105264682 1
2038.317304880619 1
2040.743022024435 1
2056.0936932450377 1
2065.215739171377 1
2083.105756518712 1
2093.279035649296 1
2096.894308202908 1
2111.274040618272 1
2149.250340644233 1
2160.643858847064 1
2160.9636650654797 1
2162.793008165373 1
2171.343788585152 1
2175.0902582832587 1
2178.785429128521 1
2194.01293013184 1
2197.0532339192705 1
2198.344582495968 1
2254.373984114237 1
2257.12575981007 1
2260.080597008737 1
2260.2245410059813 1
2265.2332379250297 1
2266.954700786398 1
2270.5263026607417 1
2277.735859474839 1
2298.480669442194 1
2301.8564790536293 1
2340.237641196301 1
2370.786917474044 1
2381.1226745584527 1
2398.132332592399 1
2405.56080156348 1
2430.344528836817 1
2441.727799268721 1
2473.497259900365 1
2495.8935198669665 1
2530.5422508854926 1
2559.6126094962965 1
2585.573910263344 1
2621.678849345064 1
2622.11929324612 1
2672.5627787156973 1
2685.276161874008 1
2717.3598847479584 1
2749.5181119508475 1
2796.0782888429844 1
2805.728949154076 1
2807.3434765588213 1
2822.984768060384 1
2926.063132382485 1
2962.395539541421 1
2976.431568937109 1
2980.0600848211543 1
2986.054095803795 1
3017.5694676882235 1
3049.58871436871 1
3067.645374182257 1
3090.8144166604525 1
3105.2576068588187 1
3107.321069368332 1
3130.2856245209323 1
3160.1493117332298 1
3172.576331973278 1
3239.521072390394 1
3257.719524652612 1
3275.5066064766806 1
3284.0940489922755 1
3286.368348332119 1
3301.6706676908043 1
3342.76188655053 1
3353.1539816237078 1
3363.271513515416 1
3393.5671317566344 1
3444.166329429586 1
3468.995854683252 1
3487.7554586321908 1
3513.142118881326 1
3596.2420584820943 1
3606.6505522365865 1
3660.007667213442 1
3673.4207516297006 1
3699.171881541727 1
3773.475366705552 1
3801.2427720022806 1
3854.927297221424 1
3876.036386484781 1
3877.58863600282 1
3957.597647966537 1
3958.07678321336 1
3980.028955154879 1
3983.448908508002 1
3995.953166632941 1
4078.700124360616 1
4154.004174744791 1
4161.4327592434365 1
4171.813402180384 1
4202.078230906654 1
4253.734398946365 1
4256.800872817265 1
4308.6662974021 1
4401.2206858218415 1
4465.375950523751 1
4469.229312753005 1
4487.887495780249 1
4526.578448847857 1
4588.080649275058 1
4620.506088346873 1
4656.65909411022 1
4685.630522511792 1
4691.899200511733 1
4793.530558379481 1
4861.807299026376 1
4862.350181921042 1
4868.4443718070015 1
4870.444346912427 1
5020.287109383204 1
5127.78681667971 1
5189.2616290239885 1
5275.135924703555 1
5347.601526981183 1
5349.504577705467 1
5382.696768136278 1
5440.041152207007 1
5511.965620296228 1
5537.411689106153 1
5590.300393222194 1
5713.433414386188 1
5715.918331382452 1
5723.043427184571 1
5731.82968795448 1
5766.07430533972 1
5776.619840775508 1
5853.086234158096 1
5854.593378411274 1
5944.822598067661 1
6006.509372395336 1
6102.860779161439 1
6141.903869447554 1
6155.609415515928 1
6312.559275057525 1
6374.311495981101 1
6409.398574294621 1
6427.393861851983 1
6447.438055763577 1
6607.512018999127 1
6696.379959097309 1
6756.338811040661 1
6760.351727514341 1
6780.277700435088 1
6836.15111134215 1
7167.8711166348 1
7228.387026368339 1
7393.564510740546 1
7462.461998177749 1
7520.67323786832 1
7786.027782638221 1
7789.260660486368 1
7790.9249872476 1
7892.075177100808 1
7914.030273416925 1
7932.810658704863 1
7998.050110715772 1
8015.568092433245 1
8047.323962776668 1
8147.625788224501 1
8164.577955921678 1
8176.721973746819 1
8184.660857403198 1
8240.545278398273 1
8292.958329642266 1
8508.802664709854 1
8697.089350203802 1
8748.946764627994 1
8995.480596278137 1
9088.983567787598 1
9122.745124191551 1
9231.226125447314 1
9231.26689595444 1
9821.467697336198 1
9855.11624061412 1
9867.4609675985 1
10065.382310793304 1
10266.6852391603 1
10332.92042780254 1
10713.75019010598 1
10726.419136121618 1
10756.75051491139 1
10889.951900582077 1
10992.832866468483 1
11341.324710166187 1
11596.903125210823 1
11677.301491637976 1
12354.83921761114 1
12407.03544504583 1
12827.393035688165 1
13335.541454256048 1
13726.166164745391 1
14479.328221494849 1
14612.974464188896 1
14853.140719462452 1
14913.06288414992 1
15202.316350861473 1
15721.88757518886 1
16620.24892819977 1
17377.702617888583 1
17423.091091031027 1
17523.376766193956 1
17544.301501273694 1
17660.957095411395 1
19461.770550422705 1
21936.84097453518 1
22190.3132196904 1
22435.63997869089 1
22475.665585729694 1
23992.989821930663 1
24557.224743653216 1
24679.984021085937 1
28118.01824234697 1
28132.652202488476 1
28492.59024473918 1
30741.35993908485 1
31313.633985580964 1
33072.999197862715 1
33672.16538946061 1
36321.93566157988 1
41104.06597641608 1
43397.45722874355 1
43705.2012439151 1
44535.63442405346 1
46245.22286140412 1
46654.23583216332 1
50078.73508073347 1
53990.55919500856 1
57195.597090130286 1
62302.895738581705 1
65686.51912543028 1
68495.32047278793 1
72445.70061504022 1
78684.94343596033 1
82073.49301664154 1
96808.77629179196 1
107455.81856571548 1
113212.9707849173 1
118255.35453953064 1
135475.92025612082 1
147554.85018464952 1
184784.2207173175 1
189944.1126875713 1
260087.0183406925 1
291595.7849888259 1
292420.34606727335 1
300537.5464061821 1
360214.84867362265 1
381583.4497019096 1
385781.0028562334 1
